language_code,word,gender,V2,V3,V4,V5,V6,V7,V8,V9,V10,V11,V12,V13,V14,V15,V16,V17,V18,V19,V20,V21,V22,V23,V24,V25,V26,V27,V28,V29,V30,V31,V32,V33,V34,V35,V36,V37,V38,V39,V40,V41,V42,V43,V44,V45,V46,V47,V48,V49,V50,V51,V52,V53,V54,V55,V56,V57,V58,V59,V60,V61,V62,V63,V64,V65,V66,V67,V68,V69,V70,V71,V72,V73,V74,V75,V76,V77,V78,V79,V80,V81,V82,V83,V84,V85,V86,V87,V88,V89,V90,V91,V92,V93,V94,V95,V96,V97,V98,V99,V100,V101,V102,V103,V104,V105,V106,V107,V108,V109,V110,V111,V112,V113,V114,V115,V116,V117,V118,V119,V120,V121,V122,V123,V124,V125,V126,V127,V128,V129,V130,V131,V132,V133,V134,V135,V136,V137,V138,V139,V140,V141,V142,V143,V144,V145,V146,V147,V148,V149,V150,V151,V152,V153,V154,V155,V156,V157,V158,V159,V160,V161,V162,V163,V164,V165,V166,V167,V168,V169,V170,V171,V172,V173,V174,V175,V176,V177,V178,V179,V180,V181,V182,V183,V184,V185,V186,V187,V188,V189,V190,V191,V192,V193,V194,V195,V196,V197,V198,V199,V200,V201,V202,V203,V204,V205,V206,V207,V208,V209,V210,V211,V212,V213,V214,V215,V216,V217,V218,V219,V220,V221,V222,V223,V224,V225,V226,V227,V228,V229,V230,V231,V232,V233,V234,V235,V236,V237,V238,V239,V240,V241,V242,V243,V244,V245,V246,V247,V248,V249,V250,V251,V252,V253,V254,V255,V256,V257,V258,V259,V260,V261,V262,V263,V264,V265,V266,V267,V268,V269,V270,V271,V272,V273,V274,V275,V276,V277,V278,V279,V280,V281,V282,V283,V284,V285,V286,V287,V288,V289,V290,V291,V292,V293,V294,V295,V296,V297,V298,V299,V300,V301
ro,artistic,F,0.8644,-0.157452,0.66226,0.59686,0.52522,0.54006,-0.47242,0.74844,0.31918,-0.57796,0.113222,-0.2015,0.64144,-0.95552,-0.42348,0.185386,0.39056,0.059962,-0.11716,0.2124,-1.07144,0.02911,0.171388,-0.673,-0.71068,-0.08256,-0.133354,-0.20214,0.5262,-0.199126,-0.13942,-0.86498,-0.197028,0.010574,-0.031998,-0.39316,-0.64302,-0.67038,-0.36816,0.4851,-0.04608,0.30674,0.041488,-0.32098,-0.12893,0.0168648,1.34012,-0.2241,0.669,0.29662,0.31722,0.65424,-0.7421,-0.3776,0.181044,-0.21674,-0.05552,0.94168,-0.88824,0.089418,0.27374,-0.71226,-0.26254,-0.58074,0.43502,1.0266,-0.7405,0.32756,0.27148,-0.46674,0.25904,0.94426,-0.80646,0.25054,0.3394,-0.2995,-0.184498,0.04872,1.09206,-0.091726,-0.179772,-0.088348,-0.26692,0.39744,-0.52404,0.23134,0.134476,0.0463,-0.45218,-0.2441,1.01116,-0.151116,-0.7329,-0.066342,0.106354,0.108492,-0.169242,-0.056484,0.71944,0.10302,0.93138,-0.191846,0.45814,-0.95732,-0.180638,0.157398,-0.47494,-0.29544,-0.50482,0.029452,-0.27704,-0.28518,-0.53142,0.087464,0.185584,0.3838,0.42836,-0.22188,-0.91466,0.80906,-0.180304,-0.21728,0.80846,-0.103644,-0.198002,-0.199552,0.69036,-0.30966,1.65766,0.22384,-0.85206,0.063682,-0.50932,0.2644,-0.65704,0.42822,0.20066,0.17517,-0.216,0.5786,-0.031144,1.0111,-0.41592,0.055124,0.131836,0.23824,0.028172,0.195248,-0.113308,0.6717,0.154968,0.46132,0.444,-0.31814,-0.42888,-1.03608,-0.39716,-0.14412,0.47136,0.199288,-0.22106,0.27222,-0.52294,0.5616,0.87704,-0.43248,0.45014,0.54804,-0.59962,0.098712,-0.2046,-0.00175702,-0.27202,0.027332,-0.19318,0.7327,-0.09825,0.358,-0.058526,0.22902,-0.5302,0.179592,0.102066,0.050594,0.149492,0.2606,0.3651,0.30186,-0.85452,-0.068084,-0.18345,-0.13841,-0.88702,-0.87312,0.159166,-0.42256,-0.0032458,-0.85824,-0.41866,-0.7224,-0.92324,0.63386,0.96002,-0.3972,-0.66504,-1.22144,-0.62008,1.1219,0.64936,0.033484,-0.15145,0.36154,-0.157904,0.38056,1.30234,0.40722,-0.35914,0.44534,-0.90432,1.0072,0.34766,0.03557,0.2748,-0.85126,-0.183474,0.30182,-0.351,1.01396,-0.079964,0.65118,-0.72516,0.193888,-0.893,0.35658,0.010664999999999999,-1.02668,-0.092668,0.42908,-0.50752,0.61154,-0.0684,0.056916,0.174486,-0.60074,0.24936,-0.0048526,-0.20386,-0.199696,-0.26674,-0.33894,-1.16862,-0.723,-0.23246,-0.85558,-0.29696,0.127482,-0.91984,0.156174,-0.24738,-0.18754,0.138006,-0.40238,0.63798,-0.033756,-0.43638,-0.83626,0.21096,0.5539,-0.142492,-1.30826,0.55684,0.37308,0.44774,-0.38336,-0.135254,-0.76066,0.68326,-0.48704,0.83658,-0.090124,-0.56266,1.04816,0.26546,-0.59696,-0.041708,-0.068586,-0.034832,-0.78566,-0.064586,0.72298,-0.2462,-0.12433,-0.3676,-0.33552,-0.4642,-0.5504,0.97334,-0.92904,-0.8236,-0.8088
ro,artistic,M,-0.193222,-0.3683,-0.26698,0.100642,0.52744,0.24574,-0.031602,1.3254,0.3723,-0.52452,-0.25806,-0.42908,0.115958,-1.29352,-0.3198,0.30278,0.7286,0.29412,-0.74922,-0.53452,-0.4428,-0.29638,0.26768,0.070904,-0.35188,0.111602,0.181772,0.175506,-0.0050936,0.031864,0.33262,-0.606,0.21826,0.4464,0.58676,-0.21104,-0.39618,-0.90352,-0.103596,0.47888,0.189894,0.4463,0.67322,-0.2913,-0.24708,0.48926,0.92932,-0.3622,0.58716,0.25754,0.60684,0.75746,-0.51836,-0.95602,0.170362,-0.21206,0.0037288,0.72232,-0.24322,0.38614,0.28588,0.030464,-0.46096,-0.038806,-0.20576,0.3583,-0.41756,0.80316,-0.52412,-0.027262,-0.42308,0.91668,-0.60258,0.129198,1.04716,0.24212,-0.3027,0.38996,0.20024,-0.0193582,-0.068864,1.00778,-0.76226,0.076452,-0.47968,0.2295,-0.077348,0.159702,-0.177992,-0.19372,0.98654,0.034274,-0.84634,0.188942,0.31088,-0.68606,-0.46808,-0.26692,0.2966,0.45514,0.55266,0.0041108,0.48134,-0.84552,-0.60632,-0.51854,-0.106898,-0.84756,-0.34928,0.33006,-0.4004,0.32404,-0.38974,0.147496,-0.26216,-0.0030716,0.32112,-0.39386,-0.56826,0.191116,-0.27874,0.25932,0.30786,0.42872,-0.56022,0.0089368,1.23336,0.0154438,1.4144,-0.35876,0.5541,0.32158,-1.02228,0.2118,-0.53786,0.88576,-0.30752,0.34016,-0.53818,0.58198,-0.21894,0.2171,-0.75304,0.0131206,0.40052,0.20414,-0.041276,0.08774,-0.040238,0.14116,0.003498,0.100176,0.50618,-0.67486,-0.52756,-0.43158,-0.6413,-0.180956,0.41002,0.59624,-0.75078,0.30648,-0.123074,0.9279,0.51538,-0.89854,0.67104,0.4431,-0.86404,0.063114,-0.46846,0.37122,0.026824,0.85256,-0.35784,-0.0126266,-0.056738,-0.097456,-0.35006,0.31934,-0.56322,0.22668,0.35462,0.172222,0.60846,0.12544,-0.052322,0.32416,-0.65702,0.35692,0.666,-0.29534,-0.59772,-0.53528,0.45318,0.07683,-0.55376,-0.2861,-0.76172,-0.82512,-0.58756,1.07638,0.7302,-0.37524,-0.73504,-0.72782,-1.22808,1.19302,1.26796,0.127592,0.30418,0.78414,0.309,0.2086,1.02472,0.23754,-0.56854,0.46032,-0.77496,0.23042,-0.2397,0.071918,0.066186,-0.91492,0.2402,0.43636,-0.14596,-0.00106424,0.60742,1.00436,-1.28402,0.127274,-0.27888,0.192656,0.114966,-0.39348,-0.536,0.37404,-0.36924,-0.28358,-0.50196,-0.73202,0.063946,0.37794,-0.070262,-0.6634,-0.05415,-0.133106,-0.09403,-0.180872,-1.37274,-0.66686,-0.17461,-0.47194,-0.2043,-0.3709,-1.19228,0.2307,0.117422,-0.67068,0.190312,-0.15159,0.154078,-0.26332,-0.83936,-1.1432,-0.14387,0.58386,-0.2376,-1.56682,-0.065396,0.37172,-0.22644,0.315,-0.032542,0.096402,1.00012,-0.170554,0.98042,0.197024,-0.58922,0.86114,0.68524,-0.13402,-0.080424,-0.169874,0.21502,0.21444,0.173042,1.18726,-0.60996,0.6321,-0.61818,-0.093424,-0.163138,-0.80562,0.3908,-0.69338,-0.22428,-1.53334
ro,boy,N,0.098278,0.60854,0.84896,0.29288,0.60926,0.2441,-1.25986,0.20436000000000001,0.163396,0.37654,-0.6217,-0.28822,-0.02119,0.077406,0.80174,-0.31184,0.26584,0.0125622,-0.045344,-1.36102,0.20556,-0.0565,-0.164058,0.93602,0.68964,0.135032,0.16942,-0.79386,0.0155114,0.2837,-0.038158,-0.005355,-0.2955,-0.0106586,-0.70758,-0.40938,-0.24862,-0.26436,-0.068758,0.036704,0.0184054,-0.22894,0.24744,0.08601,-1.01626,-0.22786,-0.181402,0.41858,0.71554,0.41516,0.13218,0.21186,1.00766,0.181318,0.49166,-0.3382,0.51518,-0.31488,0.95504,0.161722,0.05448,0.47478,0.3168,-0.12943,-0.2387,0.64974,0.6051,-0.4295,-0.56814,-0.025936,0.04384,0.164556,0.616,-0.36446,-0.063358,0.146274,0.40218,0.22892,0.48448,-0.3328,-0.67862,0.05833,0.20922,0.08853,-0.45268,0.78504,-0.6244,-0.127718,-0.232,-0.40756,-0.0039958,-0.88376,-0.25122,-0.94866,-0.21154,-0.3576,0.29682,0.136478,-0.139392,-0.80982,0.30166,-0.049462,-0.28746,0.27612,-0.6341,0.63234,-0.33978,0.082462,-0.58648,0.070502,-0.29828,0.087552,-0.089894,-0.064888,-0.3734,-0.161176,-0.123226,0.190472,-1.00878,-0.34856,-0.2434,0.627,0.060616,0.4131,-0.138154,-0.40624,0.31152,-0.51526,0.87662,1.06576,0.122314,0.95252,-0.21664,-0.71176,0.54964,0.24232,0.7223,-0.117248,-1.1275,-0.4644,0.094432,-0.22642,-0.41874,1.1169,0.87056,-0.0135692,0.60046,0.46886,-0.77626,-0.047192,1.22438,-0.094974,-0.068422,-0.63756,-0.0076032,-0.53298,0.0155966,-0.9517,-0.111086,-1.19084,0.50256,-0.034084,0.28772,-0.27766,0.20608,-0.52604,-0.37182,0.3426,0.82912,0.78514,-1.06976,-0.6684,-0.111796,0.2647,0.149254,-0.3043,0.73738,-0.76112,-0.0036466,-0.65866,0.36778,0.4755,-0.052722,0.58444,-0.125812,1.15766,-0.15989,-0.133164,0.3458,0.39834,0.26276,0.98998,0.035542,-0.51708,0.95198,-0.87766,-0.34742,0.26634,-0.76346,-1.34752,-0.98482,0.58678,0.0097018,0.35692,0.049194,-1.17814,-0.48446,0.3143,0.23616,-0.38532,5.6266e-4,0.3047,-0.80226,-0.597,0.3404,-0.61994,-0.13732,-1.03662,0.051378,0.86638,0.3957,-0.078214,0.0051514,0.6986,-0.02689,0.22564,-0.159084,0.50636,0.104192,-0.27886,-1.36776,-0.883,0.34626,0.8943,0.34124,-0.116698,-0.049918,0.34724,-0.52672,0.065164,0.25358,0.33422,-0.6419,0.69968,-0.169566,0.51098,0.118422,0.055772,0.4644,-0.33734,-0.174126,0.133932,0.24864,0.34962,-0.84728,0.02851,-0.70982,0.157578,-0.47678,0.15325,0.926,-0.02017,-0.0077612,0.34962,0.61778,-0.190696,-0.060866,0.157838,0.88552,0.078792,-0.033796,-0.15781800000000001,0.16459,0.41012,0.68022,0.2556,-0.13651,0.27526,0.27416,1.26766,0.3227,0.39952,0.25848,-0.57518,-0.52186,-0.81706,0.7459,0.183616,-0.114032,0.20454,-0.61028,-0.651,-0.931,-0.042518,-0.24924,-0.2745,0.65828,0.15276,0.33296,-0.183772
ro,brilliant,F,0.0195896,-0.10387,-0.24814,0.39894,-0.09391,0.8523,-0.47148,0.10591,0.36004,0.166724,0.123412,0.25672,0.20166,0.50398,0.53028,0.18737,0.095944,-0.039602,0.80918,-0.50216,-0.24672,-0.22428,-0.7101,-0.39904,0.161416,0.20354,0.193222,-1.11544,0.30784,0.0261,-0.52958,0.056424,0.169722,0.080248,0.128394,-0.25388,-0.68164,-0.86734,0.091454,0.0069264,-0.387,-0.55002,0.20652,-0.70686,-0.456,-0.081058,0.37608,0.68682,-0.39668,-0.56098,-0.61052,0.34074,0.140016,0.49772,0.51702,0.2925,-0.46552,0.125106,0.4529,0.32236,-0.30506,-0.39612000000000003,-0.087258,-0.169094,-0.3994,-0.064396,0.0024928,-0.38784,0.04377,0.094066,0.71286,0.8958,-0.82736,0.041802,-0.0073552,0.27418,0.73584,-0.196414,0.5631,-0.43266,-0.5196,0.35506,-0.179474,0.070398,-0.66908,0.38572,-0.22492,-0.34018,-0.46402,-0.69374,0.33738,0.41546,-0.85264,-0.43136,0.5851,0.0163566,-0.63774,-0.2926,0.346,-0.173922,0.35368,-0.37968,0.42418,0.55926,-0.59744,0.33516,-0.53076,-0.42494,0.060902,0.078712,0.44498,-0.084412,-0.143408,0.45074,0.3901,0.39824,-0.21168,-0.51554,-0.8077,-0.107296,-0.191704,-0.3654,-0.2481,0.057888,-0.119548,0.075082,-0.0361,-0.038708,0.62558,0.189842,0.24114,0.52276,-0.3417,-0.32132,0.48738,-0.034974,0.3832,-0.27026,-0.54036,0.31204,-0.20536,0.5908,0.097542,0.6179,1.1446,-0.37126,-0.20858,0.35152,0.15724,-0.50752,-0.23378,-0.82526,0.187746,0.5407,-0.76162,-0.54038,0.35846,0.22702,0.52782,0.2161,0.36756,-0.30848,-0.71564,-0.4531,0.69452,-0.48468,0.3003,-0.28258,0.0075774,-0.030594,-0.23028,-0.3552,0.35164,0.027734,0.10883,0.13077,0.31476,-0.24984,0.53442,-0.49682,-0.48116,-0.30794,-0.00159594,-0.053678,0.132664,0.28834,0.70164,0.522,-0.080612,0.21296,0.192346,0.61348,0.036946,-0.58444,0.047078,-0.28768,-0.106776,0.2899,-0.68596,-0.402,-0.27718,0.994,0.87564,0.80346,0.124096,-0.76878,-0.47076,0.100082,0.70282,-0.4703,-0.108478,0.80468,-0.2311,-0.48364,0.4536,0.64572,-0.24572,-0.146444,-0.22366,0.2933,0.2183,-0.49438,-0.027308,0.198374,0.24584,-0.37848,-0.117892,0.39146,-0.36654,-0.63042,0.138166,-0.51804,-0.37016,0.106958,-0.8396,-0.97998,-0.47988,0.00146592,-1.35044,0.46714,0.41946,0.43024,-0.2374,-0.062168,-0.060536,-0.29816,0.50314,0.2792,-0.130586,0.045202,-0.53024,-0.2614,0.079616,-0.78134,-0.022468,-0.56248,-0.2594,0.054218,-0.09986,-0.078022,0.79588,-0.3461,0.51622,0.3366,-0.29562,-0.75018,0.33974,-0.88922,-0.148464,-0.64422,-0.34604,-0.77796,0.45342,0.74908,-0.38384,-0.22718,-0.156596,-0.15073,0.43586,0.15253,0.061114,0.31496,0.20338,-0.56254,0.52376,-0.082716,-0.43208,-0.27424,-0.31812,0.10718,0.163034,-0.28436,-0.44384,0.145436,-0.418,0.50438,0.8781,-0.2233,-0.9429,0.024844
ro,brilliant,M,-0.43324,-0.24562,-0.137722,-0.20008,-0.035036,0.27936,-0.75772,0.34092,0.44494,0.20364,-0.284,0.41228,0.38694,0.57554,0.3583,0.42362,0.53124,0.143426,0.4772,-0.91066,-0.20552,0.033756,-0.49024,0.037316,0.24796,0.073458,0.123494,-1.2181,0.2596,0.085712,-0.4522,-0.3174,-0.196782,0.0089706,0.40602,-0.186006,-0.55754,-1.0566,0.286,-0.31842,-0.193086,-0.57664,0.47978,-0.41834,-0.65402,0.175092,0.29504,0.37354,-0.117284,-0.3368,-0.6388,-0.171002,0.25176,0.20546,0.407,0.33202,-0.39018,0.181096,0.40098,0.75406,-0.043638,-0.48602,-0.076906,0.180952,-0.67976,-0.24384,0.30994,-0.0128114,0.030368,0.22918,0.49304,0.89026,-0.53398,-0.294,-0.34976,-0.052732,0.3155,-0.29546,0.2953,-0.35132,-0.136228,0.38024,-0.139762,0.196328,-0.76884,0.147372,-0.20586,-0.085058,-0.8313,-0.53918,0.23362,0.6012,-0.66748,-0.67464,0.49046,-0.2142,-0.58864,-0.47624,-0.40124,-0.46972,0.055974,-0.2188,0.31464,0.43454,-0.57172,0.28776,-0.53478,-0.32554,-0.25384,-0.0051034,0.23602,-0.187914,-0.09711,0.46802,0.82738,0.039334,-0.51596,-0.6291,-0.3827,-0.139456,-0.21596,-0.099814,-0.079618,0.1589,0.26126,0.24744,0.00162298,-0.21642,0.68542,0.028532,0.47752,0.40542,-0.67876,-0.50184,0.49106,0.29872,0.8481,-0.036234,-0.49952,-0.0066938,-0.55378,0.38476,0.086174,0.76838,1.43068,-0.26318,-0.2654,0.52708,0.035614,-0.47342,-0.29394,-0.69306,0.153958,0.4722,-0.64224,-0.160266,0.43816,-0.37502,0.036144,-0.116252,0.154194,-0.41916,-0.59402,-0.113278,0.45132,-0.70862,0.57946,0.073004,0.23786,-0.096318,0.177454,-0.59876,0.58848,-0.150542,0.30686,0.33434,0.114268,-0.66168,0.33,-0.33118,-0.75216,-0.152606,-0.037734,-0.64878,0.30948,-0.147348,0.57272,0.52198,-0.061272,-0.0492,0.27686,0.056176,-0.041712,0.0139516,0.114622,-0.44332,-0.120266,0.509,-0.88298,-0.39244,-0.5747,1.06488,0.96408,0.32718,0.154458,-0.60762,-0.56344,0.090054,1.0344,-0.56654,-0.147012,0.80364,0.28868,-0.61868,0.46328,0.49382,0.12078,0.23758,-0.4269,0.078932,0.087718,-0.5036,-0.3059,-0.37696,0.26178,-0.42428,0.0373,-0.08194,0.35266,-0.03578,0.078728,-0.62964,-0.45262,0.130638,-0.62204,-0.77114,-0.20444,0.042,-1.32356,0.52842,0.33914,0.46278,-0.076704,-0.182668,-0.100294,-0.64752,0.59508,0.156486,-0.28578,0.23328,-0.9152,-0.61092,0.078682,-0.39078,0.02536,-0.33494,-0.36104,0.16098,-0.24132,-0.54918,0.38382,-0.28742,-0.086056,0.3069,-0.095412,-0.95178,0.41188,-0.56548,0.24244,-0.535,-0.174794,-0.95592,0.27294,0.77102,-0.42056,0.094156,-0.36222,-0.070694,0.34688,0.63972,0.138962,0.150824,-0.112798,-0.20652,0.4087,-0.033776,-0.189512,-0.30676,-0.4678,0.5181,-0.08777,0.06129,-0.54934,-0.091022,-0.41302,0.6699,0.65664,-0.33084,-0.76046,-0.35756
ro,brother,N,0.020402,-0.025532,0.80382,-0.107326,0.12598,0.34294,-1.334,-6.407e-4,0.91134,0.5045,-0.39936,0.29016,0.160658,-0.24328,0.6723,-0.17911,-0.067614,-0.134722,0.4752,-1.2928,-0.38488,0.41828,0.2592,0.196644,0.80844,-0.33318,0.164272,0.153838,-0.086894,-0.25506,-0.052014,0.55114,-0.068084,-0.64888,0.184106,-0.65456,0.30478,-0.55552,0.35056,0.059876,-0.28474,-0.45406,0.28874,-0.45956,-0.034184,-0.26656,-0.4387,-0.075738,1.0662,0.3895,0.22742,-0.049098,1.01344,-0.21238,0.50632,-0.0108792,0.177534,-0.3992,-0.052742,0.6083,-0.06232,-0.095536,0.7745,0.123218,-0.61054,0.53824,-0.046674,-0.3899,0.4562,0.162414,0.45026,0.199542,0.61942,0.85362,-0.5393,-0.051962,0.86842,-0.21096,0.504,-0.52476,-0.4142,-0.045824,0.192054,-0.33282,0.76928,0.33712,-0.12336,-0.5037,0.5294,-0.64634,0.031054,-0.53572,-0.63982000000000006,-0.80118,0.99432,-1.0752,0.3919,0.37072,0.68198,-0.35952,-0.017533,0.35784,0.74894,0.31126,-0.74288,0.18252,0.103394,0.89812,0.48634,-0.52256,0.30738,0.6917,0.15675,-0.65404,0.37136,-0.60966,-0.93106,0.183862,-0.38678,-0.2109,-0.22914,0.56738,-0.22872,-0.16387,-1.10798,-0.23252,-0.106844,-0.3276,0.086478,0.6314,-0.25208,-0.041702,-0.52576,-0.73740000000000006,-0.125578,1.09862,0.045108,-0.37716,-0.69252,-0.89948,-0.48002,-0.49818,-1.83126,0.45108,1.48042,-0.48152,0.048032,0.84948,0.074132,-0.188742,0.27518,0.022694,0.2503,1.01772,-0.66396,-0.33932,-0.35314,-0.9926,0.0190064,-0.77882,-0.42892,-0.62638,0.54022,1.67186,0.94254,0.185434,-0.75664,-0.097876,0.54762,0.39502,-1.74036,-0.50486,0.184816,1.29934,0.33164,0.42924,0.41828,0.62702,0.2394,-0.085236,-0.34994,1.01882,0.31536,0.95452,-0.065076,0.092308,0.142084,0.24634,-0.3661,-0.037368,0.39892,1.16384,-0.073512,-0.92058,0.60284,-0.38148,-0.64634,-0.0081518,-0.89854,-0.50836,-1.2868,0.24302,0.48932,0.165042,0.41604,-0.40738,0.161818,0.80386,0.181706,8.3092e-4,0.20244,-0.115256,-0.4455,-0.2986,1.08246,0.82292,0.110846,0.099726,-0.84894,0.41154,-0.035752,-0.6628,0.35488,0.25132,-0.53488,0.024522,0.153898,-0.50174,0.099318,-0.2214,-0.6551,-0.90408,-0.62436,-0.7011,0.096696,0.44944,0.90294,0.62196,-0.72424,-0.37186,-0.11452,0.48168,-0.68174,-0.05329,0.50606,0.4783,0.165026,-0.83686,0.49066,0.42858,0.40876,-0.0055276,0.70008,0.36466,-0.136902,0.66496,-0.61236,0.4307,-0.51528,0.148014,0.33306,0.62208,0.31332,-0.23764,-0.294,0.02275,-0.60442,0.28012,0.58988,-1.1057,0.2376,-0.95154,-0.774,0.152924,0.90804,0.88044,0.37402,-0.009911,0.088902,0.674,-0.144118,0.59094,0.4829,-0.072834,0.54638,-0.92294,0.169112,0.14024,-0.66704,-0.138762,0.06443,-0.68512,-0.56254,-0.95558,-0.41486,0.58788,0.21752,-0.5256,0.17084,-0.4359
ro,business,N,0.26022,0.67578,-0.25744,0.064146,-0.126462,0.125868,-0.43554,0.07149,-0.27824,-0.76964,-0.54534,0.49682,-1.0447,-0.76372,-0.46284,-0.16138,0.46544,-0.5743,-0.25638,-0.51572,-0.72572,0.175138,-1.08228,-0.54438,-0.80038,0.52968,0.10937,-0.23158,0.34542,-0.67854,-1.00874,-0.55752,-0.23886,-0.92684,-0.83176,-0.6443,-0.7317,-0.8866,-0.119832,0.5772,-0.045884,-0.2123,-0.49302,-0.4009,0.24288,0.14659,-0.48364,-0.175696,0.43978,0.59144,-0.17982,0.25508,-0.143154,0.47082,0.123958,0.149936,-0.199528,0.105964,-0.095184,0.111088,-0.170476,0.63988,0.084928,-0.56602,-0.45548,0.25868,-0.28228,-0.37128,-0.22472,-0.1144,0.06063,0.7115,0.89778,0.45348,0.67296,1.0998000000000001,-0.3227,-1.42794,0.0024792,-0.3733,-1.6272200000000001,0.48432,-0.43942,0.06997,-0.05312,0.20254,-0.73126,-0.159112,-0.30118,-0.31466,0.58638,-0.77798,-0.02429,-0.051248,0.191722,0.046004,-0.8021,-0.59646,0.3822,-0.061128,-0.23864,-0.122812,0.87918,0.37234,0.169112,0.049496,0.0175872,-0.25456,-0.6638,-0.143388,0.21528,-0.99388,0.115616,0.12629,0.45126,-0.40878,0.67434,0.50956,-0.62818,0.00160532,0.21144,0.143148,0.51376,0.3743,-1.10532,0.14573,0.97376,-0.167094,0.62722,-0.032692,-0.48592,0.53206,0.2049,0.78816,0.128916,0.4617,0.36248,0.57602,-0.36088,0.5729,0.36924,-0.127268,-0.050474,0.51426,0.65294,-0.4122,0.32504,0.509,-0.076694,0.42842,-0.026288,0.00142808,-0.5904,-0.28692,0.34472,-1.27418,0.163254,0.58554,-4.2784e-4,-0.21744,-0.37014,-7.6346e-4,-0.56214,0.077642,-0.22804,-0.45228,-0.5553,0.3808,-0.0087322,0.32126,-1.3345,-0.30786,0.043512,-0.21404,-0.2407,-0.17727,0.20044,-0.82418,0.182024,0.32836,-0.75682,0.40936,0.45814,0.13975,-0.47416,0.28918,0.51334,0.119778,-0.38858,1.12938,0.51932,0.79552,-0.2613,-0.74692,-0.171074,-0.195758,-0.3147,-0.13819,-0.83422,-0.39866,-0.23438,0.74324,-0.119562,0.23564,0.089626,-0.84158,-0.080916,-0.51316,0.14864,-0.43168,-0.32622,0.61036,0.39084,-0.35318,0.76748,4.708e-4,0.14942,-0.069498,-0.50744,0.8762,-0.61338,0.178282,0.31402,0.077112,-0.62906,0.09009,-0.6647,-0.162864,-0.93148,0.66086,-0.21524,-0.35556,-0.19868,0.51126,-0.68704,-0.076162,-1.41208,-0.68614,-0.77538,-0.21162,-0.33806,0.62422,-0.77804,0.32004,0.152216,-0.26144,0.682,-0.95614,0.92144,-0.0147246,0.48942,0.096218,-0.50554,0.9566,-1.3592,0.03133,-0.25084,-0.32286,-0.052616,0.11339,0.51884,-0.58854,0.052662,-0.367,-0.56096,0.135692,-1.04526,-0.102944,-0.55076,-0.68306,0.061674,-0.077364,0.92956,-0.00113584,-0.56148,-0.23658,0.112484,-8.6594e-4,0.25648,0.70756,1.22698,-0.29312,0.138882,-0.22554,-0.27402,-0.123506,0.45082,-1.0222,-0.156214,0.126952,0.24458,-0.34538,0.067858,-0.94244000000000006,-0.099086,0.4793,0.143126,0.50238,-0.27928,0.5657
ro,career,N,0.35494,-0.112782,0.022072,0.6224,0.18656,0.3982,-1.51078,-0.27748,-0.3641,-0.97422,-0.35478,-0.025856,0.52232,-1.1659,-0.252,-0.2915,0.84916,-0.65068,0.54812,-0.31398,-0.081892,-0.22506,-0.64906,0.180104,-0.88456,-0.84902,0.5087,-0.33596,-0.66132,-0.69654,-0.087588,-0.0141526,-0.26748,0.18579,-0.76154,-0.76712,-0.7273,-1.0948,-0.38256,0.182348,-0.65616,-0.094928,-0.042792,0.131926,0.018088,0.031928,0.023354,-0.70598,0.128682,-0.39812,0.37974,-0.60924,-0.66432,-0.35262,0.25088,-0.179512,-0.61144,-0.082768,0.179366,-0.54552,-0.172518,-0.074746,-0.024438,-1.33832,-0.60672,0.10492,-0.68732,0.5322,-1.22552,-0.13007,-0.26532,0.2887,-0.66326,0.127808,-0.174828,0.038258,-0.06719,-1.45072,0.67046,-0.73114,-0.20872,0.54246,-0.162672,0.172712,0.24416,-0.33388,-0.6891,-0.56048,-0.045464,-0.095164,-0.6611,0.59056,-1.35178,0.161672,0.193058,0.49018,-1.53118,-0.0197716,1.03414,-1.17196,0.4973,0.031922,0.044504,-0.49562,0.0096064,0.95802,-0.65878,-0.53852,0.42534,0.032254,-0.74628,0.50256,0.21922,-0.63732,0.3106,0.048094,0.109766,0.17924,-1.22568,-0.082726,0.67572,0.67526,0.5842,0.42758,-0.61628,0.14734,0.82696,-0.43664,1.50816,0.32602,-1.3407,0.65626,0.26684,-0.099518,-0.47106,0.53118,-0.097538,-0.3372,-0.45884,0.0021544,-0.097574,0.57258,-0.179534,0.36528,1.07318,-0.91074,-0.34466,0.48344,0.0021136,-0.146724,0.0044634,0.103834,-0.32762,-0.33378,0.41834,-0.83276,0.30082,-0.089414,0.692,-1.1186,0.0158522,-0.030568,-0.99682,0.0106996,0.44788,-0.86648,0.24922,0.63196,0.109648,0.40512,-0.76476,-0.3575,-0.92006,-0.51964,-0.0565,0.55528,-0.4844,-1.06224,0.084448,0.82844,-0.36944,0.28918,-0.86364,-0.0038424,0.45358,0.21696,0.192334,0.4736,-1.04866,0.5664,0.166924,0.60994,0.093306,-1.20868,0.8358,-0.64386,-0.23862,-0.30372,-0.53798,-0.097826,-0.51748,0.72842,-0.183144,0.59442,0.160356,-0.21874,0.04086,-1.0382,0.99562,-0.44152,-0.48544,0.48562,-0.84844,-0.81488,0.066094,-0.141864,-0.155242,-0.089384,-0.6449,0.55714,-0.24598,-0.186104,0.24648,-1.0328,-0.54606,0.80078,0.63354,0.20854,-0.22174,0.89576,-0.55755999999999994,-0.019948,-0.94484,0.15732,-0.120798,-0.34502,-0.85426,-0.28144,0.127482,-0.138564,-0.04066,0.22454,-0.23002,-0.45526,-0.74664,-0.081976,0.1891,0.172604,-0.11992,0.168956,-0.29816,-0.87682,0.19159,0.21884,-0.39454,-0.22716,0.53748,0.142656,-0.21786,-0.18225,-0.42796,-0.36282,-0.54104,0.009151,-0.07875,-0.177374,0.068908,0.065878,-0.068628,-0.4249,-0.23784,0.23938,0.0055458,0.63988,-1.30318,0.07867,0.68626,0.37746,0.25472,0.154868,0.110336,0.125016,0.36196,-0.118146,-0.03411,0.33798,0.123518,-0.42006,-0.2694,0.93524,0.48466,-0.54572,-0.66064,0.28886,-0.66428,0.27954,0.30052,-0.37124,0.041972,0.158166
ro,children,F,0.85078,0.41086,0.68722,0.066118,0.52546,0.21768,-0.91548,0.5638,0.2676,-0.20048,-0.49392,-0.33054,-0.45098,-0.50028,0.37,0.7568,-0.32742,-0.096176,-0.46862,-0.61138,0.38764,0.186636,1.3173,0.35322,-0.154826,-0.05201,0.121164,-0.82888,-0.18731,0.06251,-0.54338,0.80536,-0.27604,-0.74532,-0.094144,0.43454,0.14287,0.82382,-0.114236,-0.28358,0.193606,-0.42328,0.082072,0.00162336,0.23544,0.43656,-0.138564,-0.063786,-4.7394e-4,0.0082596,0.25168,0.66726,-0.27798,0.45778,0.71154,-0.25638,-0.116024,0.60992,0.064838,-0.145342,-0.100492,-0.20584,0.030388,0.17088,-0.6788,0.46627999999999997,0.36046,-0.75218,-0.4723,0.86722,-0.134274,0.057294,0.012934,-0.173328,-0.25224,0.86486,0.171636,-0.71666,0.3396,0.50202,0.03929,0.87222,0.43294,-0.41764,0.26086,0.5675,-1.04284,-0.41996,-0.58592,-0.45092,0.2191,-0.061964,-0.160314,0.32852,0.113146,-1.16352,-0.59242,-0.54994,0.67262,-0.40574,0.27108,-0.4972,0.00198166,0.53186,-0.56712,0.22768,-0.0096998,0.25326,-0.58912,0.21938,-0.156096,-0.65822,-1.12136e-5,-0.8279,0.109696,0.21324,0.046066,-0.22258,-1.15072,-0.50152,-0.110444,0.7346,0.41412,0.48464,-0.40602,-1.16304,0.69332,-0.3262,0.63784,0.188612,0.186746,0.59384,0.29746,-0.117936,-0.29534,-0.4018,1.85758,-0.4166,-0.37672,0.0094634,0.29414,-0.147514,-0.8365,0.46196,1.31434,0.35054,0.60208,0.29532,-0.43376,-0.3183,0.55524,0.3651,0.72838,-0.062582,0.2906,-0.137916,-0.54022,-0.80344,0.32906,-0.49572,0.3229,0.157806,-0.147114,-0.107048,-0.111462,-0.5457,0.184472,0.158084,-0.72522,-0.15231,-0.94596,-0.51328,-0.31862,0.634,0.51148,0.40888,0.55022,-0.152476,0.021036,0.155852,-0.24986,0.35778,0.083806,0.119286,-0.94806,0.167468,0.037804,0.25402,-0.0115868,-0.669,0.6482,0.50776,-0.71482,-0.99654,1.35404,-1.256,0.51248,0.0022122,-0.53734,0.06985,-0.68222,0.117942,0.44392,0.11418,-0.76002,-1.374,-0.108324,0.120094,0.30758,0.144038,0.190582,0.46792,-0.20472,-0.64432,-0.56072,-0.0142204,0.27702,-0.82344,0.3333,0.183668,0.92574,0.0098008,0.08457,0.7576,-0.00158818,0.1148,0.6646,0.35686,-0.099372,-0.099192,-1.06202,-0.56584,0.055108,-0.055266,0.25958,0.6318,-0.2433,-0.53048,-0.28554,0.99632,0.123136,0.187996,-0.34348,-0.34694,0.045028,-0.22712,-0.27874,-0.71902,-0.078536,-0.113968,-0.15822,0.167334,-0.63996,0.002821,0.1195,0.162248,-0.94078,1.06998,-0.30834,-0.086284,1.57874,-0.69804,-0.138976,-0.181376,0.00261,-0.152488,-0.69546,0.032564,0.06748,-0.03134,0.112428,0.66248,0.34126,0.50532,0.66058,0.84872,0.092118,-0.092244,0.62228000000000006,0.159776,-0.062772,0.51178,0.54804,-1.18168,-0.29784,-0.44036,0.51174,-0.54016,0.019778,-0.53386,-0.44138,-0.0032072,-0.59582,-0.171176,-0.70292,0.8958,-0.16687,-0.156646,0.3313,-0.40038
ro,children,M,0.85078,0.41086,0.68722,0.066118,0.52546,0.21768,-0.91548,0.5638,0.2676,-0.20048,-0.49392,-0.33054,-0.45098,-0.50028,0.37,0.7568,-0.32742,-0.096176,-0.46862,-0.61138,0.38764,0.186636,1.3173,0.35322,-0.154826,-0.05201,0.121164,-0.82888,-0.18731,0.06251,-0.54338,0.80536,-0.27604,-0.74532,-0.094144,0.43454,0.14287,0.82382,-0.114236,-0.28358,0.193606,-0.42328,0.082072,0.00162336,0.23544,0.43656,-0.138564,-0.063786,-4.7394e-4,0.0082596,0.25168,0.66726,-0.27798,0.45778,0.71154,-0.25638,-0.116024,0.60992,0.064838,-0.145342,-0.100492,-0.20584,0.030388,0.17088,-0.6788,0.46627999999999997,0.36046,-0.75218,-0.4723,0.86722,-0.134274,0.057294,0.012934,-0.173328,-0.25224,0.86486,0.171636,-0.71666,0.3396,0.50202,0.03929,0.87222,0.43294,-0.41764,0.26086,0.5675,-1.04284,-0.41996,-0.58592,-0.45092,0.2191,-0.061964,-0.160314,0.32852,0.113146,-1.16352,-0.59242,-0.54994,0.67262,-0.40574,0.27108,-0.4972,0.00198166,0.53186,-0.56712,0.22768,-0.0096998,0.25326,-0.58912,0.21938,-0.156096,-0.65822,-1.12136e-5,-0.8279,0.109696,0.21324,0.046066,-0.22258,-1.15072,-0.50152,-0.110444,0.7346,0.41412,0.48464,-0.40602,-1.16304,0.69332,-0.3262,0.63784,0.188612,0.186746,0.59384,0.29746,-0.117936,-0.29534,-0.4018,1.85758,-0.4166,-0.37672,0.0094634,0.29414,-0.147514,-0.8365,0.46196,1.31434,0.35054,0.60208,0.29532,-0.43376,-0.3183,0.55524,0.3651,0.72838,-0.062582,0.2906,-0.137916,-0.54022,-0.80344,0.32906,-0.49572,0.3229,0.157806,-0.147114,-0.107048,-0.111462,-0.5457,0.184472,0.158084,-0.72522,-0.15231,-0.94596,-0.51328,-0.31862,0.634,0.51148,0.40888,0.55022,-0.152476,0.021036,0.155852,-0.24986,0.35778,0.083806,0.119286,-0.94806,0.167468,0.037804,0.25402,-0.0115868,-0.669,0.6482,0.50776,-0.71482,-0.99654,1.35404,-1.256,0.51248,0.0022122,-0.53734,0.06985,-0.68222,0.117942,0.44392,0.11418,-0.76002,-1.374,-0.108324,0.120094,0.30758,0.144038,0.190582,0.46792,-0.20472,-0.64432,-0.56072,-0.0142204,0.27702,-0.82344,0.3333,0.183668,0.92574,0.0098008,0.08457,0.7576,-0.00158818,0.1148,0.6646,0.35686,-0.099372,-0.099192,-1.06202,-0.56584,0.055108,-0.055266,0.25958,0.6318,-0.2433,-0.53048,-0.28554,0.99632,0.123136,0.187996,-0.34348,-0.34694,0.045028,-0.22712,-0.27874,-0.71902,-0.078536,-0.113968,-0.15822,0.167334,-0.63996,0.002821,0.1195,0.162248,-0.94078,1.06998,-0.30834,-0.086284,1.57874,-0.69804,-0.138976,-0.181376,0.00261,-0.152488,-0.69546,0.032564,0.06748,-0.03134,0.112428,0.66248,0.34126,0.50532,0.66058,0.84872,0.092118,-0.092244,0.62228000000000006,0.159776,-0.062772,0.51178,0.54804,-1.18168,-0.29784,-0.44036,0.51174,-0.54016,0.019778,-0.53386,-0.44138,-0.0032072,-0.59582,-0.171176,-0.70292,0.8958,-0.16687,-0.156646,0.3313,-0.40038
ro,corporation,N,-0.43582,-0.56624,-0.065634,0.31932,0.26132,-0.142752,-0.048086,-0.54372,-0.41716,-0.88174,0.39636,-0.32224,-0.170786,-1.1878,-0.128084,-0.66318,0.43276,-1.28158,-0.23254,-0.60324,0.56272,1.05002,0.089048,0.39506,-0.53254,0.65234,1.06168,-0.79364,0.20622,0.28148,-0.7431,0.46206,0.35022,-1.39898,-0.9792,-1.55152,-0.86482,-0.31068,-0.44584,0.182186,0.42856,-0.153482,-0.33864,-1.00654,-0.09336,-0.83958,0.43604,-0.72074,0.29564,0.52276,-0.35462,-0.176016,-0.27932,0.161084,-0.095774,-0.68498,0.068816,0.20948,0.5892,0.47644,0.133132,0.116304,0.25764,-0.45534,0.198822,-0.143704,-1.13638,-0.53476,0.13693,0.16812,-0.117872,0.12137,-0.079948,0.20512,0.87274,-0.100692,-0.2558,-0.39602,-0.116898,-0.152074,-0.82514,0.37682,-0.147238,-0.28552,0.25258,1.29162,-0.48472,-0.192154,-0.2198,-1.01036,1.0162,0.03558,0.0033686,0.116698,0.3142,0.80948,-0.97432,-0.31678,-0.0036612,0.034312,0.097738,-0.28926,0.066448,-0.25282,0.092926,0.042794,0.39948,0.36068,-0.38154,0.3433,0.82416,-0.27732,-0.77152,0.166582,-0.54106,0.17735,-0.5748,0.2746,-0.66908,-0.83748,0.0185854,0.2945,0.32998,-0.20898,-1.09642,-0.39862,0.039378,-0.116828,0.72716,-0.075954,-0.32122,0.2952,-0.4199,0.5269,-0.32096,0.0132984,0.2459,1.06938,0.008261,0.62024,0.34104,-0.85124,0.197492,0.2157,0.57522,-0.98706,0.087378,-0.012579,0.135418,0.29578,-0.50366,-0.081342,-0.4402,0.0322,-0.97508,-0.66322,0.70496,0.144792,0.062178,0.012451,0.0194286,0.6039,-0.78092,0.57336,-0.197508,0.32802,-0.049304,-0.184724,-0.062558,0.45862000000000003,0.030304,-0.4264,0.2333,-0.2785,0.059756,0.130952,-0.170716,-1.02916,0.9452,0.3183,0.0158472,0.22744,-0.090948,-0.62186,-0.51256,0.53388,0.37108,0.37554,-0.18956,0.3649,0.41058,0.48468,-0.2809,-0.76662,0.88596,-0.29822,-0.84454,0.25368,-0.57742,-0.63088,-0.4267,0.088962,-0.20584,-0.064226,0.23038,0.24142,-0.43982,0.185084,-0.50606,-0.17399,-0.36532,0.60794,0.057174,0.065174,1.076,0.037998,-1.13582,-0.21986,0.11141,0.23572,0.4306,-0.144628,0.29508,-0.38832,0.2601,0.678,0.0078856,-0.67912,-0.49842,0.128536,-0.16047,-0.4865,-0.093288,0.48422,-0.73318,-0.251,-1.32116,0.60402,0.12071,0.115084,-0.25982,0.0198256,0.77458,0.92786,-0.31144,0.48884,0.54456,-0.72732,1.64456,-0.2736,-0.32154,0.34368,-0.047556,0.03485,-0.67706,0.58726,-1.0313,0.63298,0.125794,0.38324,0.07916,-0.2792,0.162374,-0.3277,0.066632,0.6291,-0.3179,-0.67218,-0.54826,-0.95992,0.074656,0.0113284,0.98072,0.164794,0.091494,0.189174,0.46836,0.063218,-0.186188,-0.06191,0.85268,-0.23526,-0.24736,-0.0107016,-0.9918,-0.034216,0.27994,-0.43746,-0.131098,-0.36398,0.33994,0.024832,-0.143422,-0.046282,-0.76,-0.34072,-0.036384,-0.041226,-1.26246,-0.46556
ro,cousins,F,-0.100034,0.84494,-0.135606,0.45136,0.148232,0.5933,0.045752,0.14019,0.27234,-0.79902,0.3788,-1.75314,-0.111378,-1.05634,0.05962,-0.127196,-0.7656,-0.72294,0.59992,0.43722,1.3206,0.07953,0.405,0.27384,-0.87442,-1.07006,-0.483,-0.50654,-0.36106,-0.35438,-0.142886,0.4676,0.3613,0.55112,0.4964,-0.033274,0.38214,-0.45748,-1.39674,0.29898,0.6305,-0.77118,0.3052,0.29274,0.0093956,0.43294,-0.35306,0.44916,0.122042,-0.2593,0.83008,1.16986,-0.62216,0.091338,-0.197278,1.299,0.04329,-0.98076,-0.5983,0.8346,-0.077904,0.26344,0.47854,-0.41422,0.0109888,0.124118,-0.0099452,-0.6095,-0.110324,1.63548,-1.08264,1.12956,-0.3449,0.1186,-0.31122,0.49656,-0.76748,0.30522,0.94392,-1.06358,-0.51812,-0.53932,-0.51046,-1.19198,0.41288,-0.026128,0.47224,-0.30134,0.21186,-1.52104,0.40646,0.113748,0.037376,0.31994,0.0563,-0.26892,-0.93188,-0.74768,0.46834,0.59582,1.02132,0.3881,0.25868,-0.030484,-0.71348,2.0594,-1.37132,0.09833,-0.26958,-0.6712,0.28606,0.5097,0.88598,0.27546,-0.66404,0.36578,-1.26496,0.67086,-0.4614,1.29844,0.26924,0.64882,-0.020056,0.22976,-1.59686,-0.9109,-0.56722,-1.29136,0.9991,0.49412,0.25986,-0.42402,-0.98514,-0.039004,0.24542,0.3299,0.08274,-1.12632,-0.77824,-0.5017,-0.3248,-1.12382,-0.87292,-0.022298,0.72414,-0.68654,0.72128,-0.2827,-0.76022,-0.24092,-0.188886,-0.16154,0.58262,-0.60418,-0.59822,-0.136946,0.39528,-1.09896,1.56106,0.18602,1.02972,-0.87966,0.4201,1.86498,-1.12296,-0.20696,-0.48556,0.14284,0.23338,-0.33396,-1.342,0.29772,-0.46044,1.15824,0.38682,0.154942,0.59228,-0.57094,1.04128,-0.74542,-0.082712,-0.63706,0.74302,0.64638,-0.6237,0.2366,0.36928,-0.5514,-0.66108,0.60514,-0.183366,0.037752,-0.38178,-0.22158,-0.020434,-0.18744,-0.48978,-0.5063,-1.0701,-0.03419,-0.84238,-0.51692,0.97906,-0.3599,0.192952,-1.23714,-0.74878,0.56126,0.49036,0.64632,-0.8962,-0.20512,-0.33078,-0.09449,0.27126,0.71786,0.25344,0.20776,1.42816,-0.143238,-0.38624000000000003,-0.45526,0.52354,-0.07137,-0.6321,-0.62882,0.111492,0.31544,-0.2634,-0.31092,-0.64978,-0.13024,-0.73948,0.82846,0.08413,0.27058,0.33838,-0.181238,-1.03182,0.84044,-0.067984,0.106906,-0.80736,-0.465,-0.54106,0.55452,0.36618,-1.66554,-0.36194,0.63324,-0.49562,-1.08758,0.37888,0.26974,-0.78546,-0.27612,-0.62428,-0.59266,-0.93662,-0.48946,2.3672,0.108986,1.04546,0.028246,-0.3054,0.23958,0.35172,0.127468,-0.8493,0.28346,-0.55658,-0.78252,0.44376,-0.2645,0.53406,0.2816,0.99984,1.13074,-0.134314,2.1846,-0.72836,-0.033636,1.23,0.6836,-0.21486,-0.77292,-0.50652,-0.70402,0.83738,-0.16351,-0.8121,-0.23832,-0.33468,-0.45486,-0.39534,-0.48284,-0.71888,-0.39148,-0.124062,0.51606
ro,cousins,M,-0.100034,0.84494,-0.135606,0.45136,0.148232,0.5933,0.045752,0.14019,0.27234,-0.79902,0.3788,-1.75314,-0.111378,-1.05634,0.05962,-0.127196,-0.7656,-0.72294,0.59992,0.43722,1.3206,0.07953,0.405,0.27384,-0.87442,-1.07006,-0.483,-0.50654,-0.36106,-0.35438,-0.142886,0.4676,0.3613,0.55112,0.4964,-0.033274,0.38214,-0.45748,-1.39674,0.29898,0.6305,-0.77118,0.3052,0.29274,0.0093956,0.43294,-0.35306,0.44916,0.122042,-0.2593,0.83008,1.16986,-0.62216,0.091338,-0.197278,1.299,0.04329,-0.98076,-0.5983,0.8346,-0.077904,0.26344,0.47854,-0.41422,0.0109888,0.124118,-0.0099452,-0.6095,-0.110324,1.63548,-1.08264,1.12956,-0.3449,0.1186,-0.31122,0.49656,-0.76748,0.30522,0.94392,-1.06358,-0.51812,-0.53932,-0.51046,-1.19198,0.41288,-0.026128,0.47224,-0.30134,0.21186,-1.52104,0.40646,0.113748,0.037376,0.31994,0.0563,-0.26892,-0.93188,-0.74768,0.46834,0.59582,1.02132,0.3881,0.25868,-0.030484,-0.71348,2.0594,-1.37132,0.09833,-0.26958,-0.6712,0.28606,0.5097,0.88598,0.27546,-0.66404,0.36578,-1.26496,0.67086,-0.4614,1.29844,0.26924,0.64882,-0.020056,0.22976,-1.59686,-0.9109,-0.56722,-1.29136,0.9991,0.49412,0.25986,-0.42402,-0.98514,-0.039004,0.24542,0.3299,0.08274,-1.12632,-0.77824,-0.5017,-0.3248,-1.12382,-0.87292,-0.022298,0.72414,-0.68654,0.72128,-0.2827,-0.76022,-0.24092,-0.188886,-0.16154,0.58262,-0.60418,-0.59822,-0.136946,0.39528,-1.09896,1.56106,0.18602,1.02972,-0.87966,0.4201,1.86498,-1.12296,-0.20696,-0.48556,0.14284,0.23338,-0.33396,-1.342,0.29772,-0.46044,1.15824,0.38682,0.154942,0.59228,-0.57094,1.04128,-0.74542,-0.082712,-0.63706,0.74302,0.64638,-0.6237,0.2366,0.36928,-0.5514,-0.66108,0.60514,-0.183366,0.037752,-0.38178,-0.22158,-0.020434,-0.18744,-0.48978,-0.5063,-1.0701,-0.03419,-0.84238,-0.51692,0.97906,-0.3599,0.192952,-1.23714,-0.74878,0.56126,0.49036,0.64632,-0.8962,-0.20512,-0.33078,-0.09449,0.27126,0.71786,0.25344,0.20776,1.42816,-0.143238,-0.38624000000000003,-0.45526,0.52354,-0.07137,-0.6321,-0.62882,0.111492,0.31544,-0.2634,-0.31092,-0.64978,-0.13024,-0.73948,0.82846,0.08413,0.27058,0.33838,-0.181238,-1.03182,0.84044,-0.067984,0.106906,-0.80736,-0.465,-0.54106,0.55452,0.36618,-1.66554,-0.36194,0.63324,-0.49562,-1.08758,0.37888,0.26974,-0.78546,-0.27612,-0.62428,-0.59266,-0.93662,-0.48946,2.3672,0.108986,1.04546,0.028246,-0.3054,0.23958,0.35172,0.127468,-0.8493,0.28346,-0.55658,-0.78252,0.44376,-0.2645,0.53406,0.2816,0.99984,1.13074,-0.134314,2.1846,-0.72836,-0.033636,1.23,0.6836,-0.21486,-0.77292,-0.50652,-0.70402,0.83738,-0.16351,-0.8121,-0.23832,-0.33468,-0.45486,-0.39534,-0.48284,-0.71888,-0.39148,-0.124062,0.51606
ro,creative,F,0.69248,-0.35468,0.52428,0.51244,0.122196,-0.018337,-0.45754,0.35482,0.078366,-0.36662,0.84924,-0.60228,-0.125814,-0.5847,0.61118,0.21154,0.3981,-0.04098,0.39208,-0.52928,-0.52862,-0.39712,-0.46562,-0.56846,-1.71624,-0.4603,0.73644,-0.96016,0.022436,-0.30114,-0.7702,-0.097862,-0.66346,-0.197302,0.118214,-0.72434,-0.46308,-0.64864,-0.6813,0.129342,0.44662,-0.2617,-0.354,-0.6047,-0.44842,-0.43974,0.43666,-0.139688,0.47016,-0.06326,0.160802,1.3189,-0.89492,-0.094408,0.28218,0.37222,-0.3713,-0.23886,-1.07472,-0.073724,0.12788,0.192582,0.53928,-0.35468,-0.152384,0.295,-0.71116,-0.29548,0.037786,0.21322,0.6174,0.63676,-0.23754,0.085406,0.30842,0.24476,-0.47914,-0.17095,0.76858,0.66626,-0.92486,0.20382,-0.04861,0.120852,-0.55438,0.65126,-0.18419,0.401,-0.4352,-0.81016,0.77682,-0.49202,0.132766,-0.0862,0.077556,0.66498,-0.0126848,0.04148,0.08093,0.41132,0.36582,0.38538,0.5006,0.193586,0.079222,0.69052,-0.2716,-0.47036,-0.13233,0.113974,0.50412,-0.52278,-0.55726,-0.037068,-0.71368,0.45584,0.054778,0.636,-1.62014,-0.38928,0.057162,0.52696,0.3094,0.6233,0.023186,-0.282,1.03666,-0.3375,1.28872,-0.119058,-0.46938,-0.55688,0.28814,0.3695,-0.39322,-0.6867,-0.21022,0.128088,-0.33152,0.84886,-0.24716,0.43746,0.151064,-0.4071,0.090062,-0.4438,-0.5838,0.077678,0.156488,0.26526,0.106712,-0.30386,1.26412,-0.73384,-0.178974,-0.3103,-0.37258,-0.065636,1.05876,0.44086,-0.36342,0.64212,-0.60716,0.150246,0.54876,-0.5467,0.73692,0.090862,-0.56252,-0.053974,-0.266,0.07977,0.48754,-0.48488,0.39502,0.68164,0.6956,0.71546,-0.144426,-0.87584,-0.41162,0.57908,0.069132,0.051158,-0.041956,0.87306,-0.042648,0.143454,-0.57994,0.38664,-0.143442,0.52194,-0.23098,-0.88618,0.28124,0.089038,-0.37968,-0.48518,-0.97518,-0.238,-0.7436,-0.40798,0.048756,-0.38908,-0.050304,-0.90518,-1.06292,0.14307,0.107796,-0.144242,0.112974,0.53084,0.28762,0.22806,1.20852,0.40098,-0.88014,-0.3675,0.059366,0.8472,0.9096,0.38956,-0.696,0.0034516,0.22382,0.28642,-0.28976,-0.049956,0.74376,-0.2888,-0.4438,-0.0113078,-0.10121,0.34862,0.48828,-0.146864,-0.26656,0.30028,-1.1488,0.35178,0.133594,0.167272,0.036764,0.06404,0.24034,0.83936,-0.100652,-0.60902,0.97436,0.14621,-0.94978,-0.36034,0.121326,-0.86696,-0.9125,-0.034408,-0.78044,0.88154,-0.38312,0.45104,0.00198522,0.087966,0.45078,0.29648,-0.4711,-0.8146,-0.177302,0.081492,0.40304,-0.7641,0.031414,0.7135,-0.59992,0.118124,-0.034712,-0.32134,0.79648,0.4234,-0.20922,0.022676,-0.46854,0.37464,-0.032994,-0.12375,0.9602,-0.09672,0.37274,-0.074148,-0.49774,0.29694,0.056784,-0.8499,-0.34742,-0.24852,-0.70298,-0.0190994,0.42008,-0.17988,-1.18918,-1.09488
ro,creative,M,-0.10572,-0.173902,0.21062,0.28024,0.64698,-0.030006,-0.11767,0.73594,-0.058476,0.175926,0.35518,-0.67472,-0.6363,-0.8151,0.65464,0.74006,1.01816,0.598,0.129048,-0.38966,-0.4551,-0.51996,-0.28938,-0.69406,-1.1879,-0.166822,0.99904,-0.66028,-0.152712,-0.57546,-0.6661,-0.37776,-0.80072,-0.21678,0.85682,-0.63768,-0.2689,-0.47128,-0.5327,0.21698,0.45222,-0.181046,0.24046,-0.64186,-0.46728,-0.43312,0.46812,-0.22308,0.6693,-0.052958,0.08707,0.77406,-0.92346,-0.68594,0.26962,0.032926,-0.31282,0.065712,-0.7425,-0.139918,0.174798,0.24886,0.70098,-0.128934,-0.28586,0.0147962,-0.46442,0.29576,-0.39442,0.67142,0.39464,0.65252,0.079076,-0.078356,0.4682,0.76608,-0.61258,-0.049164,0.170928,0.69726,-0.5121,0.75538,-0.9716,-0.45982,-0.67956,0.64556,-0.88612,-0.100978,-0.57412,-0.443,0.80518,-0.6738,-0.044134,-0.44184,0.2823,-0.09037,0.29946,0.087496,-0.6058,-0.019651,0.19768,0.56594,0.192838,0.092988,0.059758,-0.037672,0.161142,-0.47282,-0.66194,0.171732,0.36648,-0.44624,-0.34698,-0.098304,0.120954,-0.065602,-0.196012,0.77212,-1.05326,-0.82472,0.38624000000000003,0.110904,0.25282,0.8736,-0.32844,-0.33082,1.5168,-0.141284,1.1808,0.17368,-0.52566,-0.62802,-0.37548,0.25338,-0.53738,-0.158536,-0.37874,-0.160602,-0.92366,0.89126,0.17554,-0.31744,-0.37738,-0.54042,0.66036,-0.74084,-0.2658,0.2582,0.29432,0.47478,0.3058,-0.44798,0.89374,-0.58874,-0.049486,-0.05227,0.23124,-0.62432,0.76734,0.88152,-0.73446,0.5713,-0.2568,1.03314,-0.066652,-0.84524,1.2083,0.26522,-0.24972,0.045308,-0.55748,0.0951,0.79214,-0.41288,0.28578,0.42154,0.43268,0.13176,-0.73328,-0.50848,-0.9059,0.96316,0.66694,0.72044,0.46802,0.43582,-0.232,-0.114556,0.119802,0.76648,0.121804,0.94776,-0.20662,-0.057532,0.5807,0.03775,-0.6939,0.038274,-1.19326,-0.156186,-0.64442,0.58178,-0.040604,-0.71284,-0.5205,-0.5147,-1.19986,0.21662,0.4542,0.159154,-0.124532,0.71832,0.20498,0.25404,1.09232,-0.048412,-0.68748,-0.51382,0.22744,0.3697,0.58442,-0.0084486,-0.31888,0.34474,0.097916,0.77624,-0.034318,-0.46564,0.91028,0.057228,-0.91086,-0.174372,-0.063818,0.027132,0.68764,0.45232,-0.93144,0.33922,-1.2829,0.0098708,-0.116962,0.060174,0.20224,0.52444,0.106332,0.093878,-0.158832,-0.34336,0.93658,0.167414,-1.07902,-0.2038,0.17562,-0.076102,-0.87216,0.0269,-0.61758,1.01174,-0.4515,0.111588,-0.080592,0.13266,-0.31348,-0.070176,-0.167958,-0.56728,-0.31046,0.030932,0.6306,-0.76,-0.34898,0.55216,-0.80384,0.53334,0.136146,0.46614,0.7786,0.60224,-0.162492,0.3304,-0.11319,0.3119,-0.37246,-0.075508,0.41366000000000003,-0.4779,0.3582,0.16539,-0.2254,0.5389,-0.75648,-0.34476,-0.56472,-0.75712,-0.35666,0.0159016,0.4121,-0.20632,-0.98352,-1.29848
ro,daughter,N,1.11331,0.5350564000000001,0.35151,1.12085,0.47095,0.26315500000000003,-1.05737,-0.182385,0.15423800000000001,0.4181,-0.303061,-0.145974,1.2000000000000899e-4,-0.021689,0.53474,0.75333,0.197518,-0.00519,0.049480000000000024,-1.5244,-0.431713,-0.020310000000000022,0.2599683,0.39071,0.187106,0.218128,0.652675,-0.332877,-0.2993428,0.5237200000000001,0.12994000000000003,0.265767,0.145538,-0.279009,-0.05975999999999998,-0.17971900000000002,-0.405984,0.12568000000000001,0.48438,0.38751599999999997,0.212545,-0.39792000000000005,-0.05807,0.0531746,0.169623,-0.118714,-0.57282,-0.25699,0.25300999999999996,-0.574299,0.35425999999999996,0.144692,0.52456,0.06372999999999998,0.363102,-0.42579,0.241896,-0.43245,0.232671,0.1603,0.42313999999999996,-0.78864,0.253622,-0.46760999999999997,-0.255585,0.28609700000000005,0.1285896,-1.27075,-0.344974,-0.10586699999999999,0.48052,-0.239869,-0.178637,0.17343199999999998,-0.11072900000000001,0.49232,0.0015080000000000024,0.06052000000000002,0.043347000000000004,-0.257219,-0.68453,-0.32059000000000004,0.494631,0.29442794,0.495197,1.23453,-0.81631,-0.32990200000000003,-0.32476,-0.44660999999999995,-0.047510399999999994,-0.4138873,-0.80574,0.15825,0.3280135,-0.63247,-0.399179,-0.21049,0.346987,-1.03439,-0.11612999999999998,0.4838867,0.405049,-0.168918,-0.95286,0.71662,-0.56451,0.19710699999999998,-0.47173,0.34509,0.161233,-0.024930000000000035,-0.11979,-0.72383,-0.08825,-0.22064000000000003,-0.86595,0.393659,-1.12756,-0.61283,-0.29883000000000004,0.08717999999999998,-0.032799999999999996,0.33846,-0.7275800000000001,-0.28354,-0.016850000000000004,-0.90988,0.41214700000000004,0.9167000000000001,-0.323069,1.00695,-0.366126,-0.36836,0.61136,0.205299,0.70724,-0.188614,-1.4328500000000002,-0.229409,0.29531,0.388,-0.369328,1.40045,1.37212,-0.11820000000000003,0.054262000000000005,0.21614899999999998,-0.28381700000000004,-0.6234000000000001,-0.086221,0.04618,0.128858,-0.06162000000000001,-0.50248,-0.39732,0.073724,-0.220599,0.0300908,-0.72101,0.50207,0.267645,0.22341699999999998,0.040679999999999994,0.61902,-0.40742,-0.373823,-0.087249,0.11795499999999999,-0.08501,-1.02898,-0.17351799999999998,-0.009469000000000005,0.290756,0.45136,-0.49956,1.06285,-0.36945,0.122927,-0.20981,-0.09272000000000001,0.248715,0.57724,0.55725,0.111627,0.22627,0.55248,-0.168393,-0.49836,-0.108821,0.329346,1.09096,0.006762999999999998,-1.33102,0.48261999999999994,-0.6915840000000001,0.42612,-0.51751,-0.07800499999999999,-0.8657900000000001,-0.89093,-0.35287199999999996,-0.1755998,0.49166,0.27067,-0.89029,0.229974,0.57855,-0.276237,-0.25406,0.230753,0.533724,-1.32369,-0.79487,0.6846099999999999,0.427872,-0.5442400000000001,-0.5576,0.18692999999999999,0.66039,0.447363,0.009447000000000011,0.316715,0.161409,-0.35444,0.49287000000000003,0.152748,0.101586,-0.49037,-0.7198899999999999,-1.1920000000000002,-0.7537,-0.046490000000000004,0.009599999999999997,-0.19703000000000004,-0.6196539999999999,0.378323,0.082813,-0.20526999999999998,0.14727300000000002,-0.52397,0.10278999999999999,-0.58497,0.396099,-0.0015499999999999958,0.231607,0.017085999999999997,-1.23709,0.60797,-0.015859999999999985,0.234074,0.09292500000000001,0.75982,0.08968,-0.277607,-0.27410000000000007,-1.02426,0.52199,0.07437099999999999,0.10637499999999998,1.19278,-0.295672,0.16745900000000002,0.171372,0.010239000000000005,0.396102,0.227256,-0.02813,0.410672,0.12283,0.40612000000000004,-0.031362999999999995,-0.00859,0.27986,0.06079000000000001,0.53064,0.10242000000000001,0.163128,0.41886999999999996,0.91069,-0.47738,0.509396,0.435666,-0.427539,0.08026,-0.45738,0.09806499999999999,-0.424697,0.0345262,-0.39657,0.156941,-0.98736,-0.034774,-0.030189999999999995,-0.63846,0.22080000000000002,0.41579,-0.33058,0.21010600000000001,-0.68137
ro,executive,F,0.24714,-0.32416,0.198174,0.121716,1.3491,0.40464,-0.165242,0.41572,-0.43386,-0.032502,-0.66094,-1.0009,-0.47944,-1.35872,-0.33558,-0.23274,0.7381,0.108904,-0.72802,-0.41112,0.175146,0.181072,-0.3751,-0.54682,-0.78618,0.51862,-0.22688,-0.149752,0.25916,0.38784,-1.31082,1.26002,0.27244,-0.91756,0.181556,-0.45902,-0.22812,0.033028,-0.8494,0.76552,0.31424,-0.32892,-0.40086,-0.61748,-0.11617,-0.59826,0.67662,-0.70282,1.30754,0.26024,0.029458,-0.76316,0.0711,0.68574,0.065666,-0.45656,-0.07479,0.02536,0.59928,0.194012,-0.2043,-0.97722,-0.33872,-0.26948,-1.12916,0.12928,-0.72926,0.166444,-0.049054,0.64654,0.44958,0.83446,-0.55188,0.74918,0.25112,-0.498,-0.67162,-0.82466,-0.57524,-0.37378,-0.79502,-0.085324,-0.5169,-0.54244,0.32562,0.5066,-0.3016,0.143404,-0.105668,-0.124594,0.54268,0.025676,-0.616,0.195278,0.2429,-0.96734,-0.54042,-0.42598,-0.31448,0.26216,-0.058392,0.037072,-0.170816,-0.124872,0.73604,-0.58422,-0.48998,-0.2234,-0.162832,0.34718,0.48148,-0.43948,-0.3949,0.32612,-1.16158,0.68428,0.20534,-0.14449,0.085192,0.3953,0.40704,-0.46928,0.80216,0.32688,-0.48612,-0.59688,0.59028,-0.26298,0.32422,-0.78168,1.47514,-0.12872,0.088348,-0.48096,-0.8341,0.0344,0.54924,0.47972,-0.28688,-0.022572,-1.33164,-0.53722,-0.18048,0.98986,1.02052,-0.129076,0.49466,0.99976,-0.56144,0.45984,0.033048,-0.111544,0.149266,-0.090124,-0.79504,-0.07962,0.69738,-0.43268,1.26258,-0.20334,-0.2092,0.159674,-0.092182,0.76728,0.97128,-0.28876,0.3517,-0.35276,0.7731,0.25962,0.096096,0.30532,0.62462,0.5936,0.24002,-0.21246,-1.07196,-0.042286,-0.06286,1.12162,-0.83666,0.09999,0.125764,-0.21352,1.22224,0.057468,-0.03224,0.66458,-0.181386,0.41288,0.31122,1.24048,-0.47338,-0.23672,0.61168,-0.178286,-0.70934,-0.79682,-0.82604,-0.73778,-0.47306,0.00297,0.91482,-0.5814,-0.093866,0.115408,-0.93738,0.73272,-0.77668,0.50452,1.22762,-0.0041646,-1.15826,0.12084,1.22048,0.104366,0.50072,-0.4904,0.6969,-0.173978,-0.128126,-0.2873,-0.085208,-0.095912,-0.7454,0.5015,-0.73844,0.5628,0.71116,0.101796,-2.45,0.075662,-0.56076,0.54842,0.44826,1.00488,-0.70952,-0.083572,0.65706,0.027246,-0.43016,-0.84384,-0.32124,0.82038,-0.154302,0.7688,0.5667,-1.31954,0.29208,-0.052408,-0.4665,-0.37396,-0.198162,0.51454,0.22102,0.176798,-0.54304,1.12862,0.58666,-0.28556,-0.1424,-0.125736,-0.24232,-0.074678,0.131954,-0.037218,-0.70272,0.052236,-0.63732,-0.4814,0.44792,0.62712,-0.51148,0.23818,0.039414,0.97392,0.65512,0.10126,-0.103454,0.28748,-0.28822,-0.32124,-0.32646,-0.20234,0.119398,-0.10946,0.32786,1.39494,-0.36456,0.30528,-0.0087422,-0.51132,-0.65794,-0.30756,-0.39248,-0.182574,-0.33406,0.43598,-0.7203,-0.37318
ro,executive,M,0.24714,-0.32416,0.198174,0.121716,1.3491,0.40464,-0.165242,0.41572,-0.43386,-0.032502,-0.66094,-1.0009,-0.47944,-1.35872,-0.33558,-0.23274,0.7381,0.108904,-0.72802,-0.41112,0.175146,0.181072,-0.3751,-0.54682,-0.78618,0.51862,-0.22688,-0.149752,0.25916,0.38784,-1.31082,1.26002,0.27244,-0.91756,0.181556,-0.45902,-0.22812,0.033028,-0.8494,0.76552,0.31424,-0.32892,-0.40086,-0.61748,-0.11617,-0.59826,0.67662,-0.70282,1.30754,0.26024,0.029458,-0.76316,0.0711,0.68574,0.065666,-0.45656,-0.07479,0.02536,0.59928,0.194012,-0.2043,-0.97722,-0.33872,-0.26948,-1.12916,0.12928,-0.72926,0.166444,-0.049054,0.64654,0.44958,0.83446,-0.55188,0.74918,0.25112,-0.498,-0.67162,-0.82466,-0.57524,-0.37378,-0.79502,-0.085324,-0.5169,-0.54244,0.32562,0.5066,-0.3016,0.143404,-0.105668,-0.124594,0.54268,0.025676,-0.616,0.195278,0.2429,-0.96734,-0.54042,-0.42598,-0.31448,0.26216,-0.058392,0.037072,-0.170816,-0.124872,0.73604,-0.58422,-0.48998,-0.2234,-0.162832,0.34718,0.48148,-0.43948,-0.3949,0.32612,-1.16158,0.68428,0.20534,-0.14449,0.085192,0.3953,0.40704,-0.46928,0.80216,0.32688,-0.48612,-0.59688,0.59028,-0.26298,0.32422,-0.78168,1.47514,-0.12872,0.088348,-0.48096,-0.8341,0.0344,0.54924,0.47972,-0.28688,-0.022572,-1.33164,-0.53722,-0.18048,0.98986,1.02052,-0.129076,0.49466,0.99976,-0.56144,0.45984,0.033048,-0.111544,0.149266,-0.090124,-0.79504,-0.07962,0.69738,-0.43268,1.26258,-0.20334,-0.2092,0.159674,-0.092182,0.76728,0.97128,-0.28876,0.3517,-0.35276,0.7731,0.25962,0.096096,0.30532,0.62462,0.5936,0.24002,-0.21246,-1.07196,-0.042286,-0.06286,1.12162,-0.83666,0.09999,0.125764,-0.21352,1.22224,0.057468,-0.03224,0.66458,-0.181386,0.41288,0.31122,1.24048,-0.47338,-0.23672,0.61168,-0.178286,-0.70934,-0.79682,-0.82604,-0.73778,-0.47306,0.00297,0.91482,-0.5814,-0.093866,0.115408,-0.93738,0.73272,-0.77668,0.50452,1.22762,-0.0041646,-1.15826,0.12084,1.22048,0.104366,0.50072,-0.4904,0.6969,-0.173978,-0.128126,-0.2873,-0.085208,-0.095912,-0.7454,0.5015,-0.73844,0.5628,0.71116,0.101796,-2.45,0.075662,-0.56076,0.54842,0.44826,1.00488,-0.70952,-0.083572,0.65706,0.027246,-0.43016,-0.84384,-0.32124,0.82038,-0.154302,0.7688,0.5667,-1.31954,0.29208,-0.052408,-0.4665,-0.37396,-0.198162,0.51454,0.22102,0.176798,-0.54304,1.12862,0.58666,-0.28556,-0.1424,-0.125736,-0.24232,-0.074678,0.131954,-0.037218,-0.70272,0.052236,-0.63732,-0.4814,0.44792,0.62712,-0.51148,0.23818,0.039414,0.97392,0.65512,0.10126,-0.103454,0.28748,-0.28822,-0.32124,-0.32646,-0.20234,0.119398,-0.10946,0.32786,1.39494,-0.36456,0.30528,-0.0087422,-0.51132,-0.65794,-0.30756,-0.39248,-0.182574,-0.33406,0.43598,-0.7203,-0.37318
ro,family,F,0.24668,0.68046,0.36958,1.03708,-0.144294,0.66568,-1.24544,-0.70612,0.6282,-1.01016,-0.36928,-0.36598,-0.53242,0.117468,0.13778,-0.3071,-0.06034,0.134074,0.4712,-1.54794,-0.33634,-0.77918,-0.58064,1.042,-0.0060268,-0.09287,0.65316,0.81234,0.0111848,-0.6701,0.29598,0.74392,-0.5327,-0.92004,-0.29884,-1.40864,0.083334,-0.20944,0.4043,-0.31782,-0.42568,0.4396,0.43674,0.186906,-0.34938,0.20056,-0.057144,0.3442,0.62618,0.63972,0.76144,0.714,0.36984,0.84432,-0.61562,-1.08162,0.073044,0.57916,0.4904,0.37198,-0.105992,-0.102412,0.101412,-0.60762,-0.033276,0.42364,-0.252,-0.87516,0.081116,0.066838,0.31614,0.5309,0.66692,0.7316,-0.24376,0.56812,-0.6403,-0.024952,-0.02822,-0.34998,0.197314,0.1333,0.28214,-0.05324,1.00044,1.3996,-0.79124,0.12316,-0.119104,-0.9275,-0.052206,0.77342,-0.4124,-0.6325,0.69294,0.182578,-1.10644,-0.46942,-0.0093382,-0.170408,-0.036056,-0.101048,0.409,-1.0346,0.45954,0.28556,-0.07632,-0.4836,-0.49088,-0.186654,-0.31874,-0.5076,-0.163108,-0.4528,0.0064506,-0.6468,0.071906,0.86256,-1.04476,0.38914,0.101472,-0.48782,-0.30408,0.77406,-0.56216,0.093726,0.99674,-1.0488,0.54434,1.23734,-0.20682,-0.0852,0.2206,0.43602,-0.77264,-0.35658,0.45354,-0.39242,-0.24042,5.1784e-4,0.47828,-0.158824,0.46564,0.72146,0.44984,0.35128,0.0116938,0.130022,-0.091926,-0.183226,0.56234,0.7953,-0.34462,-0.2362,-0.021358,-0.019308,-0.066336,-0.075494,0.78112,-1.39884,0.4963,0.0085184,0.0116916,0.87636,-0.54262,-0.281,-0.5718,-0.086396,-0.036558,-0.0069476,-1.09814,-0.60814,-0.5926,0.35766,-0.64284,-0.53378,0.142662,-0.48764,0.52216,0.807,-0.5534,-0.065146,-0.6177,1.30646,-0.31104,0.123698,0.150444,0.29602,-1.04174,0.2524,0.36424,0.90872,-0.80084,0.26002,0.15582,-0.190406,0.139974,-0.2546,-0.98006,-0.63218,-0.95122,0.37808,0.5706,1.28776,0.007975,-0.75648,-0.071284,-0.26072,-0.050862,-0.176154,-0.53224,0.4507,-1.02952,-0.67048,-0.046662,-0.11112,-0.075074,-0.2238,0.3136,0.171498,0.093676,-0.21988,0.31278,0.135164,0.56764,1.03442,-0.65338,0.071982,0.06055,-0.43788,-1.22144,-0.52924,0.31184,0.85948,-1.0875,-0.64484,-0.3261,-0.48982,0.167998,0.31128,-0.13594,0.32078,0.112266,0.2291,-1.1896,-0.20016,-0.33838,0.38182,0.30268,-0.25356,-0.46204,-0.0122072,0.5926,-0.105032,-0.7539,0.4757,-0.88952,0.79642,-0.38124,-0.4509,0.64862,0.020342,0.5442,1.36332,-0.095194,0.21784,-0.6572,-0.26292,-0.97968,-0.77256,-0.37048,-1.30956,-0.55952,-0.84168,0.25278,0.72216,0.139982,-0.3245,0.81946,0.22738,-0.07672,-0.73944,0.6889,0.187464,0.092506,0.24576,0.5231,-0.385,0.122038,-0.5061,0.81182,-0.144868,-0.2105,-0.35482,-0.53214,-0.29442,1.15922,0.68524,1.3298,0.0103142
ro,family,M,0.24668,0.68046,0.36958,1.03708,-0.144294,0.66568,-1.24544,-0.70612,0.6282,-1.01016,-0.36928,-0.36598,-0.53242,0.117468,0.13778,-0.3071,-0.06034,0.134074,0.4712,-1.54794,-0.33634,-0.77918,-0.58064,1.042,-0.0060268,-0.09287,0.65316,0.81234,0.0111848,-0.6701,0.29598,0.74392,-0.5327,-0.92004,-0.29884,-1.40864,0.083334,-0.20944,0.4043,-0.31782,-0.42568,0.4396,0.43674,0.186906,-0.34938,0.20056,-0.057144,0.3442,0.62618,0.63972,0.76144,0.714,0.36984,0.84432,-0.61562,-1.08162,0.073044,0.57916,0.4904,0.37198,-0.105992,-0.102412,0.101412,-0.60762,-0.033276,0.42364,-0.252,-0.87516,0.081116,0.066838,0.31614,0.5309,0.66692,0.7316,-0.24376,0.56812,-0.6403,-0.024952,-0.02822,-0.34998,0.197314,0.1333,0.28214,-0.05324,1.00044,1.3996,-0.79124,0.12316,-0.119104,-0.9275,-0.052206,0.77342,-0.4124,-0.6325,0.69294,0.182578,-1.10644,-0.46942,-0.0093382,-0.170408,-0.036056,-0.101048,0.409,-1.0346,0.45954,0.28556,-0.07632,-0.4836,-0.49088,-0.186654,-0.31874,-0.5076,-0.163108,-0.4528,0.0064506,-0.6468,0.071906,0.86256,-1.04476,0.38914,0.101472,-0.48782,-0.30408,0.77406,-0.56216,0.093726,0.99674,-1.0488,0.54434,1.23734,-0.20682,-0.0852,0.2206,0.43602,-0.77264,-0.35658,0.45354,-0.39242,-0.24042,5.1784e-4,0.47828,-0.158824,0.46564,0.72146,0.44984,0.35128,0.0116938,0.130022,-0.091926,-0.183226,0.56234,0.7953,-0.34462,-0.2362,-0.021358,-0.019308,-0.066336,-0.075494,0.78112,-1.39884,0.4963,0.0085184,0.0116916,0.87636,-0.54262,-0.281,-0.5718,-0.086396,-0.036558,-0.0069476,-1.09814,-0.60814,-0.5926,0.35766,-0.64284,-0.53378,0.142662,-0.48764,0.52216,0.807,-0.5534,-0.065146,-0.6177,1.30646,-0.31104,0.123698,0.150444,0.29602,-1.04174,0.2524,0.36424,0.90872,-0.80084,0.26002,0.15582,-0.190406,0.139974,-0.2546,-0.98006,-0.63218,-0.95122,0.37808,0.5706,1.28776,0.007975,-0.75648,-0.071284,-0.26072,-0.050862,-0.176154,-0.53224,0.4507,-1.02952,-0.67048,-0.046662,-0.11112,-0.075074,-0.2238,0.3136,0.171498,0.093676,-0.21988,0.31278,0.135164,0.56764,1.03442,-0.65338,0.071982,0.06055,-0.43788,-1.22144,-0.52924,0.31184,0.85948,-1.0875,-0.64484,-0.3261,-0.48982,0.167998,0.31128,-0.13594,0.32078,0.112266,0.2291,-1.1896,-0.20016,-0.33838,0.38182,0.30268,-0.25356,-0.46204,-0.0122072,0.5926,-0.105032,-0.7539,0.4757,-0.88952,0.79642,-0.38124,-0.4509,0.64862,0.020342,0.5442,1.36332,-0.095194,0.21784,-0.6572,-0.26292,-0.97968,-0.77256,-0.37048,-1.30956,-0.55952,-0.84168,0.25278,0.72216,0.139982,-0.3245,0.81946,0.22738,-0.07672,-0.73944,0.6889,0.187464,0.092506,0.24576,0.5231,-0.385,0.122038,-0.5061,0.81182,-0.144868,-0.2105,-0.35482,-0.53214,-0.29442,1.15922,0.68524,1.3298,0.0103142
ro,female,N,-0.21704,-0.12598,0.37986,-0.6221,0.33636,0.95374,-0.069482,0.26084,-0.34626,0.02419,0.265,-0.61216,-1.33922,-1.199,-0.033724,-0.0095922,0.7858,0.48962,0.71712,-0.44028,-0.88126,-0.112628,-1.59642,0.2642,-0.68756,-0.71442,-0.65546,-0.99488,-0.5729,-0.39244,-0.53222,-0.24596,-1.3716,-0.21886,-1.3051,0.71012,-0.025562,-1.67266,0.72268,-0.39868,-0.69144,0.2229,-0.139238,0.16419,-0.044724,-0.071984,0.3346,1.30754,0.31318,0.08214,0.185224,0.84032,-0.2382,0.113348,1.1617,-0.070554,0.16881,-0.6025,0.4917,1.26596,-0.592,0.54744,-0.056626,-0.35244,-0.191342,-0.66538,-0.094196,-0.91484,-0.199842,1.27416,-0.40766,0.113894,-0.098898,0.09693,0.46546,-0.3448,-0.30038,1.03178,0.17785,-0.57534,0.083418,-0.3367,0.21054,0.25318,-0.3892,0.97184,1.01514,0.35036,0.5084,-0.4656,-0.54694,1.227,-0.91214,0.38778,0.02923,-0.031638,-0.71624,0.41314,0.145828,0.34912,0.42558,-0.6056,-0.116292,-0.24482,-1.00292,0.25332,0.31612,0.36262,-1.2771,-0.036946,-0.12255,-0.17952,0.21472,-0.60914,-0.93088,0.39574,0.174486,1.0267,0.59634,0.060294,-0.6657,0.05664,-1.22868,0.89152,0.45204,0.09322,0.55602,-1.49322,1.1214,-0.42008,-0.89812,0.5726,-0.60852,-0.671,0.28302,0.72198,0.86622,-0.26388,-1.91998,-0.127588,0.85568,-0.50186,0.49524,1.12052,1.13216,0.089942,-0.3806,-1.35018,0.178868,-0.31806,1.06604,-0.7344,0.25246,-1.77582,-0.66898,0.563,0.44596,-0.54738,-0.47732,-0.30028,0.034718,0.94256,-0.077588,1.11296,0.45204,-0.39326,0.111824,0.147564,-0.84674,0.73556,0.134286,-0.75188,-0.63718,0.35012,1.34708,-0.88656,1.5774,-2.1014,0.90508,-0.6115,0.67958,-0.62418,-0.3939,0.187794,-0.35796,-0.0143532,0.48382,-0.39,-0.12749,0.52796,-0.54116,-0.43712,-0.97728,-0.93952,0.23344,-1.48342,-0.146966,0.35994,-0.31188,-0.126164,0.45014,0.66772,-1.68168,-0.69414,-0.51842,-0.121194,-0.53908,0.54522,-0.5501,-0.9727,0.149582,-0.27554,-0.75202,-0.42094,-0.020224,-0.178276,-1.07384,0.99576,1.7992,0.9,1.24806,-0.066862,-0.107126,0.98656,-0.38418,0.55064,0.58494,1.2069,-0.10437,-0.5439,-0.11215,-1.06806,-0.98948,0.45178,-0.85784,-0.25384,-0.75906,0.151252,0.38606,0.99838,-0.3077,-0.38444,-0.39218,0.42104,0.2934,1.02482,-0.4387,-1.10998,0.96752,0.34174,-1.03776,0.090026,0.5395,1.56554,0.37462,0.73016,-1.47822,1.69018,0.49954,-0.37502,1.4394,0.009488,0.66594,0.94534,0.52192,0.23666,0.3353,-0.31096,0.3641,-1.13006,-0.120604,-1.11572,0.107554,-0.055496,-0.56476,0.78864,0.70084,0.03996,0.103414,1.04808,0.21524,0.44304,1.70708,-0.87768,-0.162852,0.14165,0.21956,-0.86414,-0.86024,-0.34898,-0.60506,0.017171,0.71298,-0.24794,-0.158006,0.03678,-0.7456,0.4282,-0.175164,-0.35708
ro,genius,F,-0.118756,0.24992,1.17678,0.037908,0.031782,0.85608,-0.88938,-1.19334,-0.39752,-0.4781,0.45652,0.40672,-0.33644,0.88258,0.47814,0.47708,0.44008,-0.47164,-0.37932,-0.24118,-0.19122,0.47574,-0.69118,0.40364,0.56558,-0.0027742,0.57302,0.110386,-0.61084,-0.17867,0.29998,-0.747,-0.0048052,0.2296,-0.4207,-0.21868,-0.7041,-0.76316,-0.33512,0.20154,0.26688,0.45872,-0.23378,-0.67068,0.54234,-0.45302,0.32352,1.15986,0.97288,1.045,-0.5135,0.42134,0.5305,0.038826,0.24208,0.6918,0.105948,-0.79178,-0.14736,-0.39104,0.7573,-0.40512,-0.148494,-0.49452,-0.062632,-0.91972,-1.98884,-0.27434,0.29094,-0.2905,-0.63748,-0.167012,-0.129666,-0.20526,0.3003,0.323,0.46228,-0.62634,0.67744,-0.198784,0.52948,0.8684,-0.2779,-0.4013,-0.50894,-0.067342,-0.3629,0.9799,-0.5048,-0.42262,0.4303,-0.31534,-0.43888,-1.16034,-0.145774,-0.2916,-0.21516,-0.50748,-0.31728,-0.121188,0.21532,0.69746,-0.49544,-0.159116,-0.189564,0.26922,-0.30444,0.62966,-0.60926,0.32322,0.23166,-0.40986,0.41844,0.021158,0.50794,-1.16424,-1.10138,1.09852,-0.8494,0.45134,0.2796,0.53574,-0.287,1.14656,-0.67086,-0.7531,1.24292,-0.73468,0.99946,-0.54412,-0.024504,0.6075,-0.85242,0.0028684,-0.148376,0.193858,0.50134,0.86402,-0.051198,-0.58396,0.087528,0.36342,-0.21602,0.61754,0.82222,-0.56058,-1.34002,0.11571,-0.27888,0.088154,0.2029,0.94738,0.49176,1.09538,0.65604,-0.067092,0.27378,-0.93726,0.47218,0.05953,0.4199,0.116982,0.27304,-0.86724,0.27708,-0.96304,-0.5667,0.77444,0.42744,0.5216,0.44076,-0.91826,0.38998,-0.49954,0.56984,0.039876,-0.056238,0.0126608,-0.77024,-0.40062,-0.76762,1.3856,-0.056014,-0.072582,0.40618,-0.23614,0.21818,0.164238,0.042156,1.33556,0.60886,1.0404,0.52076,-0.53074,1.1309,-0.87874,-1.09604,0.32656,-1.19334,0.47314,-0.61126,0.40584,0.67732,0.21018,0.71344,-1.47776,-0.88218,-0.20884,-0.0076892,-0.07653,-0.31518,0.323,-1.19726,-0.87752,1.12046,0.7191,-1.15184,-0.48512,-0.50574,0.33336,-0.25634,-0.28462,-0.4505,-0.078324,0.124032,0.41624,-1.29194,0.38874,0.64076,0.172312,0.03342,-0.036932,-0.8867,0.76234,0.61748,0.30468,-0.52488,0.138282,-0.24018,0.103882,-0.26322,0.2909,0.060612,0.89768,0.184582,-0.784,0.64202,-0.17069,-1.09458,0.5338,-0.4811,-0.59964,-0.039552,-0.5145,-1.0459,-0.49964,-0.7153,0.50294,-0.08142,-0.49754,0.54558,-0.24796,0.196424,-0.087422,-0.07347,-0.24484,-0.020058,-0.172806,0.51736,-0.76274,-1.49874,0.024182,-0.39816,-0.25242,-0.36252,0.68592,0.90174,0.23812,-0.192818,1.00778,0.28564,-0.3893,0.02772,0.42726,0.36492,0.20266,-0.0074346,0.75786,0.148024,0.54538,-0.184822,0.73602,-0.27994,-0.199756,-0.4481,-0.68384,0.0093982,-0.5205,-0.62412,-0.178908
ro,genius,M,-0.118756,0.24992,1.17678,0.037908,0.031782,0.85608,-0.88938,-1.19334,-0.39752,-0.4781,0.45652,0.40672,-0.33644,0.88258,0.47814,0.47708,0.44008,-0.47164,-0.37932,-0.24118,-0.19122,0.47574,-0.69118,0.40364,0.56558,-0.0027742,0.57302,0.110386,-0.61084,-0.17867,0.29998,-0.747,-0.0048052,0.2296,-0.4207,-0.21868,-0.7041,-0.76316,-0.33512,0.20154,0.26688,0.45872,-0.23378,-0.67068,0.54234,-0.45302,0.32352,1.15986,0.97288,1.045,-0.5135,0.42134,0.5305,0.038826,0.24208,0.6918,0.105948,-0.79178,-0.14736,-0.39104,0.7573,-0.40512,-0.148494,-0.49452,-0.062632,-0.91972,-1.98884,-0.27434,0.29094,-0.2905,-0.63748,-0.167012,-0.129666,-0.20526,0.3003,0.323,0.46228,-0.62634,0.67744,-0.198784,0.52948,0.8684,-0.2779,-0.4013,-0.50894,-0.067342,-0.3629,0.9799,-0.5048,-0.42262,0.4303,-0.31534,-0.43888,-1.16034,-0.145774,-0.2916,-0.21516,-0.50748,-0.31728,-0.121188,0.21532,0.69746,-0.49544,-0.159116,-0.189564,0.26922,-0.30444,0.62966,-0.60926,0.32322,0.23166,-0.40986,0.41844,0.021158,0.50794,-1.16424,-1.10138,1.09852,-0.8494,0.45134,0.2796,0.53574,-0.287,1.14656,-0.67086,-0.7531,1.24292,-0.73468,0.99946,-0.54412,-0.024504,0.6075,-0.85242,0.0028684,-0.148376,0.193858,0.50134,0.86402,-0.051198,-0.58396,0.087528,0.36342,-0.21602,0.61754,0.82222,-0.56058,-1.34002,0.11571,-0.27888,0.088154,0.2029,0.94738,0.49176,1.09538,0.65604,-0.067092,0.27378,-0.93726,0.47218,0.05953,0.4199,0.116982,0.27304,-0.86724,0.27708,-0.96304,-0.5667,0.77444,0.42744,0.5216,0.44076,-0.91826,0.38998,-0.49954,0.56984,0.039876,-0.056238,0.0126608,-0.77024,-0.40062,-0.76762,1.3856,-0.056014,-0.072582,0.40618,-0.23614,0.21818,0.164238,0.042156,1.33556,0.60886,1.0404,0.52076,-0.53074,1.1309,-0.87874,-1.09604,0.32656,-1.19334,0.47314,-0.61126,0.40584,0.67732,0.21018,0.71344,-1.47776,-0.88218,-0.20884,-0.0076892,-0.07653,-0.31518,0.323,-1.19726,-0.87752,1.12046,0.7191,-1.15184,-0.48512,-0.50574,0.33336,-0.25634,-0.28462,-0.4505,-0.078324,0.124032,0.41624,-1.29194,0.38874,0.64076,0.172312,0.03342,-0.036932,-0.8867,0.76234,0.61748,0.30468,-0.52488,0.138282,-0.24018,0.103882,-0.26322,0.2909,0.060612,0.89768,0.184582,-0.784,0.64202,-0.17069,-1.09458,0.5338,-0.4811,-0.59964,-0.039552,-0.5145,-1.0459,-0.49964,-0.7153,0.50294,-0.08142,-0.49754,0.54558,-0.24796,0.196424,-0.087422,-0.07347,-0.24484,-0.020058,-0.172806,0.51736,-0.76274,-1.49874,0.024182,-0.39816,-0.25242,-0.36252,0.68592,0.90174,0.23812,-0.192818,1.00778,0.28564,-0.3893,0.02772,0.42726,0.36492,0.20266,-0.0074346,0.75786,0.148024,0.54538,-0.184822,0.73602,-0.27994,-0.199756,-0.4481,-0.68384,0.0093982,-0.5205,-0.62412,-0.178908
ro,girl,N,0.5513,4.128e-4,0.32478,0.70634,0.47358,0.38246,-0.80788,-0.42804,-0.020804,0.29474,-0.47246,0.143392,-0.40562,-0.169014,0.49886,0.69022,0.142156,0.044192,-0.37442,-1.33044,0.072534,-0.53656,0.0131766,0.31904,0.22954,0.47336,0.15009,-0.174614,-0.0177056,-0.05388,0.6739,-0.187006,0.129494,-0.4294,-0.55324,-0.084378,-0.69418,-0.36976,0.55746,0.187132,0.44822,-0.47566,0.11798,0.08955,0.085706,-0.048272,0.22234,0.2046,0.25758,-0.133038,0.12818,0.12422,0.25252,-0.41182,0.64286,-0.39712,0.130592,-0.459,0.284,0.02574,-0.07466,-0.33742,0.081204,-0.36464,0.11217,-0.191266,0.26138,-0.95494,-0.084928,-0.062266,0.49908,-0.089058,0.086726,-0.032556,-0.21368,0.59568,-0.08256,0.42824,-0.073952,0.026062,-0.66294,-0.40172,-0.040738,-0.00108412,0.143794,1.23146,-0.37296,0.053716,-0.31478,-0.14504,0.0167352,0.0025054,-1.06498,-0.08226,-0.010813,-0.40482,-0.7769,-0.22658,-0.121926,-0.67634,0.31402,0.0118134,0.067098,-0.125096,-0.92002,1.08534,-0.70432,-0.034046,-0.67696,0.38354,0.23586,-0.51104,-0.41938,-0.38042,-0.55074,0.26324,-0.80212,0.6272,-1.23912,-0.3826,-0.83208,-0.35224,-0.36208,0.96632,-0.28354,0.21988,-0.2495,-0.6188,0.674,1.11836,-0.4562,1.05294,-0.140992,-0.33004,0.69266,-0.071322,0.28714,-0.23724,-0.8141,-0.30374,0.42298,0.40246,0.180724,1.71868,0.9307,0.26408,-0.034108,0.175998,-0.65124,-0.21886,0.136838,-0.39906,0.091582,-0.62594,-0.34874,-0.45316,-0.035946,0.052422,-0.0196244,-0.34426,0.38072,0.37494,0.124754,-0.35514,0.33478,-0.38014,-0.035926,0.121222,-0.06925,0.0517,-0.7431,-0.023236,0.089124,0.153492,0.31814,-0.77314,1.16232,-0.49556,0.103874,-0.64706,0.23948,0.10719,0.72712,0.57118,-0.029966,0.79128,0.69202,-0.099586,-0.47692,0.023078,0.49558,0.83376,-0.085214,-1.15284,1.17966,-1.30882,0.33092,-0.28,-0.25382,-1.11432,-0.99394,-0.089424,-0.3705,0.2852,0.25158,-0.86724,-0.144992,0.50902,-0.39336,-0.73224,0.35436,-0.078592,-1.02292,-0.79098,0.8384,0.032404,-0.64492,-0.4964,0.1513,0.65758,0.92232,0.2091,-0.09397,0.3489,-0.4625,0.28878,0.173132,0.22988,-0.55946,-0.70934,-1.43636,-0.50682,0.38142,0.39704,-0.66968,-1.11024,-0.048974,0.089778,-0.54902,0.178492,-0.40328,-0.11174,-0.27024,-0.035042,-0.21434,0.52852,0.106598,-0.94628,0.2832,-0.54506,-0.154892,-0.02181,0.79934,-0.19586,-0.44504,-1.01598,-0.60668,0.26132,0.099698,-0.18415,0.8841,-0.64668,-0.116862,0.21624,0.121522,0.177164,0.087152,0.024262,0.692,0.44838,0.2789,-0.144918,-0.185616,0.3091,-0.41362,0.70264,0.086662,0.140602,0.21168,0.68382,-0.47626,-0.100708,0.153732,-0.69056,-0.2911,-0.62078,0.24538,-0.086974,0.054712,-0.46736,0.20112,-0.66234,-0.093672,0.27248,-0.0406,-0.38226,0.5654,0.33224,0.126692,-0.30806
ro,he,N,-0.118798,-0.80376,0.2281,-0.06178,0.44672,-0.0039114,-0.22322,0.46408,0.069248,0.56184,0.029098,-0.057494,-0.41528,-0.47126,0.050128,0.41378,0.65222,-0.36016,0.2809,-0.6374,0.038552,-0.168054,-0.36594,-0.33968,0.146732,-0.5022,-0.113914,-0.54824,-0.46554,-0.38164,-0.43088,-0.148684,-0.21916,0.196392,-0.48672,-0.3358,0.4238,-0.38972,-0.44294,0.174652,-0.64868,0.131938,-0.113184,0.0131136,-0.16978,-0.174954,0.24496,0.16134,0.2383,0.098626,0.195124,-0.104966,0.39346,-0.3315,0.131798,0.35412,-0.31354,-0.12091,0.26032,0.047048,0.31162,-0.43068,0.160522,0.03716,-0.0022014,0.90264,-0.7317,0.089354,-0.112272,-0.35704,0.196088,0.187594,0.137058,0.41984,-0.40838,0.107712,-0.10989,-0.172374,0.38078,-0.59568,-0.058194,0.059912,-0.057596,-0.100518,0.075902,-0.107346,0.48672,-0.29606,0.124846,0.189728,0.56672,0.3314,-0.088214,-0.4068,0.158942,-0.4226,0.21446,-0.55954,-0.02471,-0.15105,0.0153906,0.30464,0.034758,0.0234,-0.040452,0.30998,-0.070138,0.2519,-0.126162,0.025056,0.056186,-0.143806,-0.025308,-0.53968,-0.40202,-0.30384,-0.069086,0.26384,-0.25386,-0.8653,0.3306,0.23392,0.158606,0.146274,-0.049002,0.029778,0.20076,0.34138,0.3674,-0.43264,0.25674,0.0085316,0.18219,-0.190974,0.140258,0.32452,0.58148,-0.44696,-0.2966,-0.46148,-0.147732,0.180558,-0.54532,0.7528,0.46368,-0.49112,0.29056,0.025312,-0.47544,-0.492,0.37262,-0.035196,-0.184706,0.013598,-0.023604,0.0231,0.166232,0.066794,0.48086,-0.77616,-0.26132,-0.182082,-0.24736,0.2133,0.2565,-0.2042,0.035608,0.37008,0.10244,-0.36452,-0.37562,-0.178684,-0.23068,0.34222,0.27984,-0.36178,0.30732,-0.132388,-0.114178,-0.36504,-0.127574,0.0150448,0.181128,0.37118,-0.0027438,0.20888,-0.33486,0.22912,0.05383,0.081474,0.4812,0.59128,0.032876,-0.21162,0.3964,-0.54826,-0.53338,0.42546,0.073418,-0.118584,-0.093966,0.62708,-0.025808,0.91136,0.53936,-0.89234,-0.37832,-0.57594,0.28636,-0.46152,0.03403,1.0847,-0.27356,-0.37008,1.08146,0.099778,-0.096026,-0.64626,-0.083954,0.32618,0.10715,0.56942,0.31652,0.32726,0.2886,0.104254,0.211,0.076366,0.29402,0.17299,-0.4286,-0.090316,-0.3688,0.20398,0.2311,-0.3289,-0.29934,-0.061786,-0.56546,0.36494,0.020272,-0.065058,0.30974,0.62326,0.39516,0.256,0.54688,-0.44144,-0.188172,0.43262,-0.59022,-0.04509,0.134934,-0.0085704,-0.58306,-0.046702,0.46722,0.06182,-0.085456,0.016497,0.32764,0.2132,0.20396,0.107606,-0.34926,0.54908,0.12919,-0.059508,0.121154,-0.2492,-0.5351,-0.52946,-0.027516,-0.43088,-0.12183,-0.174166,0.28352,0.34916,-0.021968,0.42126,0.42488,-0.54042,-0.38232,-0.40234,0.055716,-0.08436,-0.036752,-0.34952,-0.34424,-0.096272,-0.078416,-0.041024,-0.54484,-0.022106,-0.35368,-0.79714,-0.22504,-0.32906,-0.30522,-0.117712
ro,her,N,-0.0081324,0.32252,0.34242,0.061468,0.33726,-0.20164,0.095616,0.34018,0.14507,-0.08381,0.080826,-0.241,-0.29088,-0.27114,0.0138138,0.050166,0.53722,0.25018,0.3202,-0.53228,-0.064202,-0.140406,0.33384,-0.012193,0.020564,-0.30432,0.567,-0.34216,-0.39468,0.062376,-0.101934,0.39766,0.083128,-0.54734,-0.4895,-0.40812,0.37606,-0.26792,0.2063,0.4345,0.084348,-0.3914,0.0107944,0.0098068,-0.155284,0.079718,-0.108894,0.5771,-0.102558,-0.20686,0.4827,0.72938,0.20126,0.28612,0.40628,-0.52346,0.276,-0.155154,-0.10082,0.016963,0.080364,0.26082,-0.091904,-0.144634,-0.102476,0.66144,0.08503,0.096712,0.22864,-0.18342,0.165314,0.67196,-0.0113962,0.4742,-0.4132,0.79576,0.094144,-0.50948,0.2056,-0.78988,-0.181686,-0.00997,-0.1691,-0.71572,0.122718,0.41302,0.075902,-0.34152,0.42404,-0.051862,0.39564,0.27318,-0.90696,-0.38328,0.34206,-0.23966,-0.44678,0.34902,0.53924,-0.15697,0.53338,0.22588,0.056452,-0.30416,-0.09058,0.54312,-0.037232,-0.22612,-0.153324,0.3044,0.4195,-0.135382,0.184344,-0.118172,-0.22518,-0.41722,-0.080816,0.59824,-0.6884,-0.091466,-0.23846,0.09448,0.3191,0.5554,-0.2577,-0.113736,0.31434,-0.56424,-0.042838,-0.132014,0.0160642,0.35736,0.0162574,0.068384,0.547,0.118224,0.40262,0.4089,-0.4156,-0.76114,0.088166,0.024434,-0.79212,0.60154,0.78028,-0.15099,0.31728,0.28782,-0.27338,-0.0130138,0.027252,0.029428,0.6212,0.26974,0.155352,-0.48238,-0.57206,-0.150322,0.47302,-0.23766,0.56094,0.102034,-0.1509,0.144652,0.165724,-0.53056,0.156696,-0.22378,-0.45864,-0.028106,-0.68976,0.090316,-0.36966,0.058762,0.089038,-0.146806,0.10968,0.048246,-0.08648,-0.053264,0.083254,-0.50966,-0.026694,0.110726,-0.2932,0.54594,-0.42346,0.38346,-0.59474,0.23108,0.34894,0.331,-0.52094,-0.43056,0.54436,-0.24042,-0.2227,0.65154,-0.117744,-0.114234,-0.39756,0.53316,0.27804,-0.04985,0.012728,-0.164046,0.21442,-0.35122,0.188398,-0.23952,0.091542,0.52448,-0.49032,-0.38756,0.28612,-0.0044404,-0.64622,-0.265,0.0053046,0.132948,0.28664,-0.0031074,-0.40618,0.27624,-0.53758,-0.38124,0.011877,0.0081452,-0.041834,0.176348,0.05457,-0.181626,-0.33376,0.50156,-0.027884,-0.60576,-0.29044,0.129382,-0.68282,-0.034502,-0.06513,0.051498,-0.161944,-0.0183912,0.54294,0.2162,-0.170232,-0.7832,-0.0073812,0.90206,-0.31184,-0.36334,-0.26736,-0.097482,0.22268,0.0199164,0.088812,0.28616,-0.169934,-0.127902,0.051526,-0.041364,-0.117958,-0.3068,0.043994,0.027208,-0.182044,0.2389,-0.3658,-0.152472,0.168432,0.22612,0.57872,0.144542,-0.20082,0.49136,0.193168,-0.25814,0.065414,-0.0158092,-0.32008,0.0078604,-0.027356,-0.38052,0.101422,0.085066,-0.153066,-0.3427,-0.058396000000000003,-0.132356,-0.2438,-0.113282,0.0106212,-0.51766,0.159934,-0.2033,-0.23468,-0.27842,-0.68606,0.22656
ro,hers,N,0.1873873,0.11634749999999998,0.47842150000000006,0.35769400000000007,0.3488985,0.22772299999999998,-0.08837700000000001,0.7251084,0.483535,0.20027850000000003,0.018282350000000003,-0.036639,0.145997,-0.638065,-0.35169755,0.5963335,0.6584796,0.326945,0.17595699999999997,-0.6165335000000001,-0.408934,-0.268193,0.642435,0.06923,-0.315006,-0.3868895,0.5698425,-0.111374,6.870000000000209e-4,-0.3145075,-0.541482,0.5840645,0.23115899999999998,-0.9096000000000001,-0.614485,-0.35903549999999995,0.306849,0.17573350000000001,-0.03726149999999999,0.4650555,-0.0015728499999999954,-1.01859,0.28140594999999996,-0.21781109999999998,-0.1210885,-0.011221550000000002,0.087525,0.39569984999999996,0.2334082,0.538125,0.44128750000000005,0.451203,0.04108385,-0.22556899999999996,0.2524804,-0.51954,0.095089,-0.14369949999999998,-0.41402700000000003,-0.05060750000000001,0.21227400000000002,0.141004,0.332839,0.10414799999999999,-0.731378,0.6220575,-0.394955,-0.06868619999999999,-0.344955,0.06723390000000001,-0.1699585,0.6157495,-0.8196781,0.3728645,-0.1799095,0.7160405,0.230473,-0.5032275,0.4440375,-1.1864285,-0.401234,-0.13258150000000002,-0.1964935,-0.6947415,0.279708,0.61814,0.2155455,0.0761325,0.08216100000000001,-0.195316,0.546495,0.3099965,-0.93105275,-0.366961,0.21709099999999998,-0.25125000000000003,-0.43170265,0.34881865,0.3881835,-0.11523794999999999,0.748271,0.2338075,0.19865449999999998,0.16587200000000002,-0.07817099999999999,0.3902565,-0.4874895,0.257718,-0.3580465,0.3034995,0.533893,-0.11921900000000002,0.30610565,0.07911235000000001,-0.12286264999999999,-0.27821049999999997,-0.455603,0.5447075,-0.5866505,-0.08210420000000002,0.12114,0.7172784499999999,0.1999838,0.510631,-0.6865344999999999,-0.449253,0.258363,-0.254399,0.169941,0.1259605,0.5141521,0.317463,-0.2327938,-0.383578,0.03858014000000003,0.092445,0.5836715,0.16905449999999997,-0.361145,-0.49225,-0.318427,0.015542000000000014,-0.6941035000000001,0.61532,1.295785,-0.42018449999999996,0.15153599999999998,0.43809050000000005,-0.49708949999999996,0.1970926,-0.3317825,0.27155650000000003,0.770735,0.20688859999999998,0.015646499999999994,-0.2522035,-0.4081325,0.0278715,0.5478575,-0.1523479,0.44385375000000005,-0.1809365,-0.193992,-0.01844299999999998,0.1599915,-0.16878750000000003,-0.260768,0.153755,-0.233385,-0.1110945,-0.811128,-0.1574735,-0.1651195,0.3593215,-0.164553,0.207606,-0.48274,-0.32005700000000004,0.24323999999999998,-0.0890045,-0.649328,-0.40203999999999995,0.00701372500000001,-0.071658,-0.2628315,0.25023,-0.194578,0.06894015000000003,-0.12385650000000001,0.4400075,0.71809,0.603419,-0.28864349999999994,-0.6961350000000001,0.559949,-0.28849,-0.18617199999999998,0.0048375000000000015,-0.17690064999999996,0.076704,-0.136938,0.668305,0.10206849999999999,-0.05496705500000001,-0.18572550000000002,-0.556248,-0.006323000000000009,-0.6683399999999999,-6.034999999999964e-4,-0.428742,-0.1167525,0.676335,-0.6754515,-0.25714950000000003,0.7632185,0.0841353,-0.2893355,-0.38489335,0.52570172,-0.332578,0.398049,-0.20618045,0.0020341500000000167,0.4359255,-0.3422665,-0.39614289999999996,0.02207550000000002,-0.031815399999999994,0.587073,0.02574400000000001,-0.33081099999999997,-0.11449600000000001,-0.23530349999999997,0.3717388,-0.128667,-0.13816299999999998,-0.16997974999999999,0.07954149999999999,-0.6658999999999999,-0.1521334,-0.30314104999999997,-0.170257,-0.2784236,0.2418189,0.63318,-0.0230045,0.085184,-0.79905,-0.48304309999999995,1.12033,-0.6590509999999999,-0.2679233,0.157201,-1.0534450000000002,-0.116841,0.3192282,0.008527699999999996,-0.22322149999999996,-0.008205500000000011,-0.234606,0.29524849999999997,0.7718929999999999,0.26732100000000003,0.17747299999999996,-0.166747,0.6312045,0.018926999999999986,-0.0746059,-0.264832,-0.3973785,0.06961,0.155924,0.4123375,0.445392,0.159914,0.2552974,0.6815065,0.19671000000000002,0.28082799999999997,-0.1003376,-0.24526000000000003,0.0574432,0.07040899999999999,-0.2581665,0.1973625,0.3205503,-0.081878,-0.056353000000000014,0.21598,0.2885255,-0.166116,-0.06853249999999998,0.04408409999999998,-0.148909005,0.11259100000000002,-0.0932975,0.0230265,-0.155031,-0.285084,-0.086968
ro,him,N,0.11695,0.45792,0.145862,-0.104972,0.181004,0.25794,-0.175026,0.29392,0.134466,0.28638,-0.29966,0.1704,-0.11961,-0.35118,0.48814,-0.21906,0.045162,0.60648,-0.19178,0.037744,-0.136814,0.37658,0.2477,-0.19695,0.048332,-0.64322,-0.20778,-0.65772,-0.34026,-0.5522,-0.52116,0.0051734,-0.49392,-0.26484,-0.36662,-0.62394,-0.124962,-0.58324,-0.20632,-0.156104,-0.32388,-0.4535,-0.046586,-0.188952,0.03702,-0.062804,-0.30272,0.44564,0.167174,-0.13095,-0.124692,0.111088,0.186734,0.4758,-0.073844,-0.21526,0.124312,0.030958,-0.41144,-0.067216,0.39896,0.33458,0.4477,-0.06822,-0.56538,0.34024,0.131622,-0.2704,0.27808,0.11676,0.14043,0.40084,-0.20906,0.109,-0.31832,0.55172,0.84852,-0.3756,0.076098,-0.91418,-0.40126,-0.41236,0.33166,-0.3939,0.54696,0.106158,0.08945,0.4182,-0.0177998,-0.152636,0.40876,-0.28078,-0.82198,-0.74274,0.36848,-0.043416,0.3813,0.098938,-0.037138,-0.26714,-0.105362,0.15759,0.141778,0.361,-0.79546,0.0072002,-0.56224,0.22812,0.49058,0.077952,0.52832,0.057308,-0.32546,0.021168,-0.21192,0.26722,-0.2009,0.644,-0.181096,-0.147906,-0.35498,-0.180402,0.181146,0.65168,-0.35768,-0.20278,0.47924,-0.45388,0.51662,-0.32956,-0.023908,-0.059752,-0.107666,-0.129346,-0.060256,0.30058,0.7575,0.6453,-0.090298,-0.103576,-0.22512,-0.112372,-0.7889,-0.3219,0.133296,-0.028368,-0.136502,1.11194,-0.45678,0.25382,-0.41014,-0.105592,0.42702,0.96602,0.12612,-0.49782,-0.332,-0.105268,0.83706,-0.59208,0.18529,-0.111142,0.115182,-0.032052,0.61528,-0.150462,0.49316,-0.070182,0.113276,0.42288,-0.71268,-0.143274,0.010165,0.61,-0.24748,0.10144,0.31422,-0.4877,0.25116,-0.052018,0.098364,0.45512,0.44514,-0.0075008,0.37662,-0.096744,-0.11094,0.69852,-0.39944,0.052,0.401,0.32138,-0.176738,-0.21364,0.20398,-0.144528,-0.0133178,-0.47654,-0.414,0.120464,-0.74816,0.57298,0.70982,0.29664,0.27992,-0.65738,0.035384,-0.10578,-0.187464,-0.0069234,-0.07588,0.36236,-0.186814,-0.50652,0.62978,0.073618,-0.20714,-0.41088,0.073758,0.36218,-0.10923,-0.070542,0.4053,-0.32878,-0.73486,-0.112298,0.28514,0.32854,0.138236,0.31864,0.2594,0.177068,-0.028736,0.21022,0.024068,-0.114388,0.190042,0.3128,-1.17568,0.2664,-0.43214,0.54872,0.65298,0.59656,0.67644,-0.4599,0.0076992,-0.34014,-0.4755,0.182478,-0.28686,-0.37632,0.2378,0.24864,0.124504,0.063146,0.093168,0.20986,0.188068,-0.131988,0.21078,0.40824,0.081554,0.100738,0.0045326,-0.087206,0.59594,-0.152264,0.54962,-0.058462,0.37962,-0.35056,0.187554,0.134388,0.03156,0.86232,-0.41938,0.120654,0.131698,0.36344,-0.2902,-0.28402,-0.089434,-0.20544,0.35356,0.086096,0.127616,-0.63856,-0.145422,0.37464,0.29338,0.128794,-0.37646,-0.047656,-0.52358,-0.24038,0.64484,0.40132,-0.35176,-0.167594
ro,his,N,0.2499285,0.1840475,0.38014250000000005,0.274474,0.2707705,0.457513,-0.223698,0.7019784,0.478233,0.38537350000000004,-0.17196065,0.169061,0.231632,-0.6780849999999999,-0.11453445,0.4617205,0.4124506,0.505095,-0.080033000000000007,-0.3315215,-0.44523999999999997,-0.009699999999999973,0.599365,-0.023148499999999992,-0.301122,-0.5563395,0.1824525,-0.269154,0.027897000000000005,-0.6217955,-0.7510950000000001,0.3878212,-0.05736500000000001,-0.76835,-0.553045,-0.4669455,0.05633799999999999,0.018073500000000017,-0.2435715,0.1697535,-0.20568685,-1.0496400000000001,0.25271574999999996,-0.3171905,-0.0249365,-0.08248255,-0.009387999999999987,0.32996985,0.3682742,0.57608,0.1375915,0.142057,0.033820850000000006,-0.13072899999999998,0.012418399999999984,-0.36544,0.019244999999999998,-0.05064350000000001,-0.569337,-0.092697,0.371572,0.177884,0.602641,0.142355,-0.96283,0.46145749999999996,-0.371659,-0.25224219999999997,-0.320235,0.21732390000000001,-0.1824005,0.48018949999999994,-0.91851,0.1902645,-0.1324695,0.5940205,0.607661,-0.4362875,0.37928649999999997,-1.2485785,-0.5110210000000001,-0.33377650000000003,0.053886500000000004,-0.5338315,0.491829,0.46470900000000004,0.2223195,0.45599249999999997,-0.1387589,-0.245703,0.553055,0.03301650000000001,-0.8885627500000001,-0.546691,0.23030099999999998,-0.15312800000000001,-0.01766265000000003,0.22377765,0.09999449999999999,-0.17032294999999997,0.4289,0.19966250000000002,0.2413175,0.49845200000000006,-0.43061099999999997,0.1222966,-0.7499935,0.484838,-0.03609449999999999,0.1902755,0.588303,-0.02287400000000001,0.05120364999999999,0.14878235,-0.11623264999999999,0.06400950000000001,-0.515645,0.5675875,-0.3329985,-0.11032420000000001,0.06287999999999999,0.57983745,0.1310068,0.558771,-0.7365245,-0.493775,0.34081300000000003,-0.19921900000000003,0.44967,0.027187499999999983,0.494166,0.108907,-0.2947555,-0.48244299999999996,-0.26504785999999997,0.183623,0.7611114999999999,0.2872545,-0.198494,-0.163468,-0.47507,-0.05286099999999998,-0.6924935,0.1536,0.9722930000000001,-0.35887349999999996,-0.07535500000000006,0.8501505,-0.5887895,0.3305095,-0.5504785,0.20404650000000002,0.673645,0.5550286,0.0010305000000000036,-0.25992350000000003,-0.2881025,0.05039850000000001,0.7298775,-0.3295579,0.25602875,-0.28752449999999996,-0.06095100000000002,-0.10679499999999997,0.38476950000000004,0.0212615,-0.092536,0.23055399999999998,0.052572999999999995,0.1143985,-0.822588,-0.2742685,0.024792999999999975,0.6349405,-0.332812,0.331729,-0.38047000000000003,-0.58803,0.41206,-0.0883815,-0.641773,0.08035000000000002,0.242930725,-0.1307714,0.0720785,-0.07111199999999998,-0.03831799999999999,0.22647015,-0.02620650000000002,0.3504675,0.74412,0.598609,-0.1165425,-0.5876750000000001,0.38975899999999997,-0.240544,-0.0814809,-0.5592025,-0.32502865,0.194053,-0.312238,0.688215,0.3179585,0.118277945,-0.052129499999999995,-0.8029149999999999,-0.09584100000000002,-0.54562,-0.1885345,-0.3124437,-0.2004635,0.595275,-0.5236985,-0.3166295,0.9350485,0.1231645,-0.0697955,-0.45783335000000003,0.55992842,-0.21796200000000002,0.20011400000000001,-0.23989775,0.40777415,0.1334155,-0.4409065,-0.2616719,0.15870700000000001,0.128382,0.677108,0.09689,-0.228396,0.06485099999999999,-0.08279149999999999,0.22606880000000001,-0.10269099999999999,0.10752300000000001,0.07026125,0.1712505,-0.91233,-0.0016823999999999945,-0.48664605,0.078354,0.1290384,0.5492945,0.69993,-0.3610545,0.17414960000000002,-0.57752,-0.7171025,0.760539,-0.6465609999999999,-0.27441329999999997,0.409781,-0.88038400000000006,-0.165929,0.340843,0.010705699999999995,-0.2613715,0.1707955,-0.236649,0.3748755,0.9966949999999999,0.367077,0.38124199999999997,-0.1864777,0.5739975,0.407919,-0.2701879,0.192878,-0.3503735,0.17520400000000003,-0.13241599999999998,0.21675450000000002,0.440315,0.276104,0.4407774,0.3752325,0.38610700000000003,0.31396999999999997,0.08928699999999998,-0.23032000000000002,-0.08849699999999999,0.03936999999999999,-0.17062650000000001,0.3234315,0.3210653,0.058463,-0.20428300000000002,0.172467,0.5420235,0.10247399999999998,0.052505500000000004,-0.14945650000000002,0.08609299499999999,-0.22916599999999998,-0.1118375,0.4627865,0.184839,-0.11793400000000001,-0.284045
ro,home,N,-0.48658,-0.37162,0.3094,0.179282,2.3572e-4,0.32768,-0.61294,0.86136,-0.6709,0.6774,-0.5048,0.2263,-1.27658,-0.36042,0.60294,0.054308,-1.15936,-0.096466,0.11785,-0.81584,0.129814,0.27014,-0.26564,-0.145058,0.66532,-0.58814,0.23806,-0.21034,-0.44478,0.21292,-0.74802,0.34664,0.167804,-0.82924,-0.80782,0.189976,0.31008,0.27686,0.24752,-0.87002,-0.74046,-0.065248,0.64684,0.37736,-0.67864,0.093656,-0.0173326,0.026276,0.0189968,1.1928,-0.187844,1.48848,1.08316,0.28684,0.69558,0.0067782,-0.40658,-0.52658,-0.61514,0.08962,-0.79154,0.89156,0.27506,0.17279,-0.5712,0.61292,0.35426,0.105952,-0.2164,0.0065042,0.48994,-0.018007,0.32626,-0.009386,-0.38098,0.081466,0.49676,-0.44232,-0.076986,0.027144,-0.51094,0.76156,0.28668,0.082988,-0.199016,0.20784,0.26204,-0.584,0.149654,-0.2797,0.48926,-0.88134,-0.165052,-0.59768,0.0108044,-0.037254,-0.7028,-0.40002,-0.120384,-0.99482,0.54932,-0.39472,1.1656,-0.47582,-0.5272,0.48666,-0.54856,-0.150032,0.197258,0.0120016,0.48992,-0.69904,-1.02344,-0.41086,-0.59248,0.29048,0.07027,-0.45174,-1.66496,-0.27452,0.76866,0.2483,-0.20638,0.63996,-0.31026,-0.157712,0.122744,0.10688,0.43134,-0.09989,0.09727,0.55488,-0.7002,-1.3939,0.21706,0.0124862,1.48038,-0.67356,-0.44804,-0.92642,-0.87106,0.09453,-0.42722,0.74778,0.74386,0.44906,0.110654,0.28214,0.69498,0.34818,0.24334,-0.034278,0.45386,-0.169154,-0.33476,-1.63142,0.50892,0.26642,-0.25468,-0.021074,0.39642,-0.69928,-0.66082,-0.0173656,0.25292,-1.09168,-0.2705,-0.37148,-0.40732,0.25188,-0.40074,-0.77392,-0.39092,0.23248,0.42204,-0.53414,0.5555,0.48462,0.5463,-0.31582,-0.28588,0.27122,-0.82536,0.50578,-0.155848,0.12061,-0.49268,0.165128,0.17978,-0.91346,0.140844,0.32222,-0.72402,-0.7729,-0.52622,0.30438,-0.092308,0.02438,0.161668,-0.45534,-0.71486,0.366,0.46284,0.107032,-0.51176,-1.12534,-0.73104,0.13837,0.78424,-0.55538,0.035462,0.1497,-0.56868,0.047814,-0.53344,-0.2847,0.58798,-0.66252,-0.20926,-0.04077,0.072708,-0.15351,0.34862,-0.0037622,-0.69042,0.45142,-0.06085,0.075278,-0.38306,-0.3825,-1.0816,-0.87306,0.165852,0.05228,-0.26868,-1.4098,-0.54418,-0.69906,-1.57786,-0.185134,-0.29818,0.012615,-0.183746,0.44468,0.039896,0.40264,0.020902,0.68286,-0.54754,-0.0169418,-0.154464,-0.70358,-0.41854,0.73176,-0.24476,-0.062756,0.30152,0.97014,-0.0160744,-0.2783,0.53,-0.31884,0.29554,-0.0138498,0.024112,0.050294,-0.61258,-0.30162,-0.50348,-0.4725,-0.2975,-0.176768,-0.61066,-0.009481,-0.71076,0.5117,-0.192828,0.46246,0.041144,0.69572,0.080032,0.072358,-0.71792,-0.9226,0.2202,0.24166,0.20744,-0.50302,0.3288,-0.71842,0.3069,0.172268,0.07973,0.22322,-0.76546,-0.28734,-0.45712,0.190714,-0.62164,-0.069968
ro,male,N,-0.74784,-0.86938,0.51482000000000006,-0.78598,1.6452,0.31994,-0.6952,0.4651,0.38406,-1.0832,0.172014,-0.7634,1.20912,-0.96376,0.7348,0.3809,0.68416,1.52592,0.4089,-1.25044,-1.03684,-0.167892,-0.55482,-0.20526,0.14811,0.049604,-0.082496,0.096706,-0.56128,-0.78948,-0.49344,-0.3438,-0.27264,-0.26188,-0.67378,0.87846,0.2418,-0.41808,1.25216,-0.30324,-0.33042,-0.028244,-0.41774,0.62412,0.68352,-0.038376,0.99242,-0.2525,-0.33,0.50214,1.419,0.34942,0.28552,0.26454,0.61064,-0.9175,0.24802,-0.27742,-0.29866,-0.72696,-0.65834,0.42522,-0.43868,-0.3423,0.87344,0.50404,-0.49834,0.101356,0.43214,0.2518,0.114282,0.59384,-0.2045,0.55268,-0.22728,0.6403,-0.94696,0.49018,0.009293,-0.051282,0.59106,0.25276,0.52808,-1.73018,-0.107202,0.8317,-0.6761,-0.086062,-1.36954,-0.0071526,1.29658,0.69726,-0.74626,-0.47354,-0.80748,0.152524,0.3104,-0.27104,0.1794,0.30098,0.7692,0.20016,-0.34016,0.03753,0.27368,0.79396,0.066706,0.3537,-0.48596,-1.0847,0.037006,-0.69868,1.33346,0.2726,-0.70722,0.86846,-0.2218,-0.30094,-0.68314,-0.614,-1.2763,0.28078,-1.05628,1.01788,-0.5275,0.135322,-0.144622,0.033234,0.39304,-0.177474,0.37214,0.62005999999999994,-1.49298,-0.20818,-0.68822,0.90008,0.44784,0.55594,-1.51654,-0.094488,0.33382,-1.22722,-0.023056,1.06726,1.2861,-0.34648,-0.30696,1.14528,0.168998,-0.55892,0.80526,0.2993,1.36412,-0.168184,0.130294,-0.41278,-0.97852,-0.63346,0.081256,-0.79502,0.22918,0.38722,0.071804,-0.29974,-0.72608,0.38012,0.137458,-0.3853,-0.133116,0.86046,-0.21452,-1.03122,-0.2411,-0.42898,-0.09189,-0.113772,1.19254,-1.89256,0.163644,0.78386,-0.0122936,0.08024,0.66728,0.84388,-0.22598,0.8406,0.28178,0.20656,0.2091,-0.91128,-0.127206,-0.052926,-0.293,-0.25536,0.38162,-0.39366,-0.33772,-0.085252,-1.54882,0.35908,-0.53088,0.64116,-0.76848,-0.25982,-0.00319,-0.55566,0.31936,0.68472,-0.77382,-0.43738,0.172804,0.27266,-1.49644,0.51346,0.88274,-0.30656,-0.3233,-0.4392,-0.39944,-0.31324,0.27432,-0.35864,1.43874,0.60582,-0.57252,0.5575,-0.19095,0.5943,0.6195,-0.32258,-1.45594,-0.4398,0.26554,-0.032092,-1.1519,-0.77074,-0.25322,0.3695,1.04456,0.48784,-0.36636,0.010182,0.14718,0.187674,-0.5436,-0.170974,0.2732,-0.75866,0.124938,-0.098348,-0.68014,1.05552,-0.28848,0.063208,0.51382,0.4944,-0.39486,0.87652,0.41072,-0.68656,0.93426,0.34246,-0.28762,1.01534,0.2278,-0.28068,0.60578,-0.84032,0.71046,-1.62318,-0.125252,-0.4311,-0.3569,-0.044756,0.49302,0.74206,0.81824,-1.09604,-0.38452,0.43266,-0.33282,1.26388,-0.3216,-0.03198,-0.081264,0.50304,0.05738,0.24354,0.54242,0.63004,-0.054042,0.060186,-0.5279,-0.57386,-0.48574,0.85614,0.49254,-0.63602,0.78656,0.64046
ro,man,N,-0.383336,0.099118,0.48013,-0.17823,0.69644,0.5362199999999999,-1.14354,0.53217,0.33098799999999995,0.167925,0.440533,0.130168,-0.343423,-0.11801800000000001,0.412074,0.23258199999999998,0.24444,-0.083554,-0.225317,-0.7819699999999999,-0.74527,0.039367,-0.6931700000000001,0.21975999999999998,0.28931,-0.5321100000000001,0.43728,-0.07185926000000001,0.33423,0.05635,-0.71216,0.13575199999999998,-0.335749,0.33283,-0.9692000000000001,-0.62419,-0.52313,-1.0723799999999999,0.37039200000000005,-0.77102,0.394752,-0.76486,-0.34455,0.36841,-0.54035,-0.67472,0.40825999999999996,0.222434,0.801407,0.167716,0.56074,0.48966,-0.0315103,-0.096259,0.37813,-0.14847,0.09435,-0.159842,0.47017,-0.36557799999999996,0.330107,-0.013062000000000004,0.102744,-0.37765000000000004,-0.160584,-0.07810899999999998,-0.050416,0.07564000000000001,-0.11731135999999999,0.02163000000000001,0.19803199999999999,0.024930000000000008,-0.157313,0.053412,-0.0644925,1.20291,-0.89637,0.34253,0.316566,0.237141,-0.59693,-0.014707000000000012,0.037750700000000005,0.60538,-0.41373000000000004,0.50124,0.1458192,0.430916,-0.14445400000000003,0.217678,0.23836500000000002,-0.047383999999999996,-0.253738,-0.6594,0.68546,0.044362,0.130725,0.08116999999999996,-0.334612,-0.434307,-0.39736,0.34199,0.253204,0.23929,-0.3304782,-0.381131,-0.44408,0.35953999999999997,-0.35995900000000003,-0.496158,-0.024505,0.03359000000000001,0.026645000000000002,0.6112299999999999,-0.10232000000000002,-0.5096499999999999,-0.25562,1.15874,-0.35305,-0.13296,-0.45658,0.48952,-0.07339000000000001,0.6283799999999999,0.6318999999999999,-0.17537419,-0.6282300000000001,-0.62877,0.50445,0.06017,-0.33796000000000004,0.37512,-0.73114,-0.40946699999999997,-0.07244,-0.18284499999999998,0.25233,0.364153,-0.71948,-0.96675,0.26051,-0.79086,0.176487,0.84783,1.2719,-2.999999999997449e-5,-0.16615999999999997,0.3821,-0.62583,0.325181,0.85718,-0.03572,0.290446,-0.22952,-7.080000000000003e-4,-0.16958299999999998,-0.26966199999999996,-0.40907000000000004,-0.22854,-0.22173199999999998,0.54149,0.29406,-0.31603000000000003,-0.51668,0.28368699999999997,-0.12362200000000001,0.045377,0.019864,0.47314,0.299473,-1.11515,-0.5891959999999999,0.25887,0.49217,0.56465,-0.30039,0.19606,-0.570513,-0.23741,-0.17923000000000003,-0.042912000000000006,0.38177,0.1110602,-0.36782000000000004,-0.36011000000000004,-0.14243999999999998,0.23484999999999998,0.104915,-0.090517,0.49978,0.43398000000000003,0.21484,0.124168,-0.067724,0.8125800000000001,-0.94296,-0.67395,0.81225,-0.11879999999999999,-0.93161,-0.68305,0.528609,-0.436682,0.66974,0.72821,-0.601938,-0.27075899999999997,-0.629348,-0.387989,-0.220414,0.25694819999999996,0.2582165,-0.20887,-0.19670000000000004,0.27959,-0.29600299999999996,-0.184619,0.36492,-0.262389,0.44807,0.2147658,-0.036669999999999994,0.22682599999999997,0.20606000000000002,-0.113265,0.574312,0.24873730000000002,0.89164,-0.210225,0.01442999999999997,-1.1752799999999999,-0.054949999999999985,0.26781999999999995,0.08066100000000001,0.024285,-0.7096800000000001,-0.07710999999999998,-0.271388,-0.017089999999999994,0.46271,-0.070741,0.359427,0.19202,0.128487,-0.217665,-0.09552799999999999,0.6138699999999999,-1.22805,0.09009999999999999,0.12920199999999998,0.03636000000000002,-0.208249,-0.09505000000000002,0.531076,-0.34709,0.51361,-0.34864,-0.445638,0.39422,-0.123144,0.311714,0.099052,-0.0824061,0.52622,0.44172,0.35208,-0.0251391,-0.295354,0.334652,-0.42045,-0.37700599999999995,-0.48428000000000004,-0.11055599999999999,0.6357200000000001,-0.54909,0.8340000000000001,0.023659999999999987,0.654397,0.70655,1.172,0.360702,0.44313,0.660629,-1.08603,0.136977,0.169173,0.15073999999999999,-0.086583,-0.13761999999999996,0.002050000000000024,0.25556999999999996,-0.244711,-0.134551,-0.378231,-0.30259569999999997,0.20562799999999998,0.3095625,0.035500000000000004,0.02199000000000001,-0.03967000000000001
ro,management,F,-0.22416,0.77434,1.01186,-1.00452,0.156792,0.149434,0.23922,0.42188,-0.073726,-1.08468,-0.081346,0.43044,0.65602,-0.9258,-0.37322,0.79952,0.29124,-0.169628,-1.11248,-0.95454,0.28036,-0.090594,-0.119018,-0.31716,-0.28804,-0.152094,0.4699,-0.66738,-0.49286,0.46242,-1.71392,0.39662,0.50378,-0.185236,-1.32802,-0.90934,0.098516,-1.0774,0.029884,-0.034298,1.47698,0.046764,0.130706,-0.175638,0.11432,-0.26684,-0.32164,0.024748,0.87358,0.8119,0.2941,-0.35918,-0.40012,-1.0171,-0.21614,0.052896,-1.1849,0.127312,-0.160874,0.36666,-0.038956,-1.16298,-0.069798,-0.8027,-0.8057,0.154976,-0.32974,0.63612,0.24534,-0.03594,-0.102646,1.10406,-0.21074,-0.45642,1.43622,-0.63826,-0.2109,-0.145982,-0.24396,0.43052,-0.33318,0.58096,-0.0094456,0.41846,0.152936,0.84536,-0.93484,0.36304,-0.42142,-0.6998,0.61656,-0.60816,-0.35672,0.88404,-0.108356,1.06952,-0.96018,-0.4421,-0.96804,-0.62814,0.119932,0.28232,0.56654,0.170122,-0.63078,-0.64902,-0.37402,-0.9502,0.169226,-0.3719,0.27634,-0.50968,-0.42642,0.14817,-0.50554,-0.197566,1.0547,1.13886,-0.60882,-0.78578,-0.191648,0.76408,-0.057684,-0.3724,-0.56206,-0.25186,1.26296,0.23554,0.82102,0.41416,0.36536,0.080124,-0.8547,-0.41378,-0.40064,0.096706,0.67632,0.4115,-0.20104,0.58904,1.24222,-0.5493,-0.65604,0.57518,0.92214,-0.5627,-1.07016,-0.33664,0.03156,0.45932,0.2213,1.09528,0.3054,0.068678,-0.51506,-1.00866,0.59896,1.0306,0.354,0.20336,0.67382,-0.35818,-1.10454,0.51816,-1.2917,-0.30962,0.088936,1.27508,0.154348,-0.33298,0.456,-0.16093,-0.121864,0.21512,0.4157,1.0048,-0.22866,-0.57384,0.2861,-0.3818,-0.129962,0.98118,-0.84762,-0.51524,0.060546,1.13634,0.075034,0.39702,-0.5616,1.63806,1.23824,1.4307,0.23114,0.20128,0.091446,0.3452,-0.160216,0.56544,-0.74404,1.1052,-0.60014,-0.063974,-0.118402,-0.31048,0.0100482,-0.19288,-0.31852,0.037068,-0.080308,-0.43734,-0.26352,0.57666,0.151904,0.144892,-0.25852,0.130996,0.00153424,0.149932,0.128098,-0.32126,-0.100316,-0.37506,-0.20568,-0.50494000000000006,0.19571,0.3663,0.057408,-0.3526,1.12198,0.4319,-0.8594,-0.61192,0.40564,-0.27776,0.23264,0.2454,-0.95718,0.865,-0.176174,-0.8319,-0.41646,-0.7078,0.183722,0.4446,-0.28648,0.9306,0.23638,-1.24046,0.69892,0.073654,-1.12074,-0.8421,-0.41658,0.19196,-1.09542,0.14981,-1.24982,0.59424,0.41872,-0.051576,-0.91954,0.071938,-1.09844,-0.46782,0.0063574,-0.37714,-0.78044,-0.07523,-0.50222,-0.6332,-0.429,0.2045,0.05429,0.65618,-0.093228,-0.28546,0.25038,0.76918,-0.119108,0.67832,0.5255,-0.54706,-0.29362,-0.028562,0.56024,-0.76106,0.60516,-0.147838,-0.3389,1.33326,-0.60178,-0.32396,-0.166476,0.3943,-0.165682,0.92762,0.31436,-0.183838,-1.10302,-0.31386
ro,management,M,-0.22416,0.77434,1.01186,-1.00452,0.156792,0.149434,0.23922,0.42188,-0.073726,-1.08468,-0.081346,0.43044,0.65602,-0.9258,-0.37322,0.79952,0.29124,-0.169628,-1.11248,-0.95454,0.28036,-0.090594,-0.119018,-0.31716,-0.28804,-0.152094,0.4699,-0.66738,-0.49286,0.46242,-1.71392,0.39662,0.50378,-0.185236,-1.32802,-0.90934,0.098516,-1.0774,0.029884,-0.034298,1.47698,0.046764,0.130706,-0.175638,0.11432,-0.26684,-0.32164,0.024748,0.87358,0.8119,0.2941,-0.35918,-0.40012,-1.0171,-0.21614,0.052896,-1.1849,0.127312,-0.160874,0.36666,-0.038956,-1.16298,-0.069798,-0.8027,-0.8057,0.154976,-0.32974,0.63612,0.24534,-0.03594,-0.102646,1.10406,-0.21074,-0.45642,1.43622,-0.63826,-0.2109,-0.145982,-0.24396,0.43052,-0.33318,0.58096,-0.0094456,0.41846,0.152936,0.84536,-0.93484,0.36304,-0.42142,-0.6998,0.61656,-0.60816,-0.35672,0.88404,-0.108356,1.06952,-0.96018,-0.4421,-0.96804,-0.62814,0.119932,0.28232,0.56654,0.170122,-0.63078,-0.64902,-0.37402,-0.9502,0.169226,-0.3719,0.27634,-0.50968,-0.42642,0.14817,-0.50554,-0.197566,1.0547,1.13886,-0.60882,-0.78578,-0.191648,0.76408,-0.057684,-0.3724,-0.56206,-0.25186,1.26296,0.23554,0.82102,0.41416,0.36536,0.080124,-0.8547,-0.41378,-0.40064,0.096706,0.67632,0.4115,-0.20104,0.58904,1.24222,-0.5493,-0.65604,0.57518,0.92214,-0.5627,-1.07016,-0.33664,0.03156,0.45932,0.2213,1.09528,0.3054,0.068678,-0.51506,-1.00866,0.59896,1.0306,0.354,0.20336,0.67382,-0.35818,-1.10454,0.51816,-1.2917,-0.30962,0.088936,1.27508,0.154348,-0.33298,0.456,-0.16093,-0.121864,0.21512,0.4157,1.0048,-0.22866,-0.57384,0.2861,-0.3818,-0.129962,0.98118,-0.84762,-0.51524,0.060546,1.13634,0.075034,0.39702,-0.5616,1.63806,1.23824,1.4307,0.23114,0.20128,0.091446,0.3452,-0.160216,0.56544,-0.74404,1.1052,-0.60014,-0.063974,-0.118402,-0.31048,0.0100482,-0.19288,-0.31852,0.037068,-0.080308,-0.43734,-0.26352,0.57666,0.151904,0.144892,-0.25852,0.130996,0.00153424,0.149932,0.128098,-0.32126,-0.100316,-0.37506,-0.20568,-0.50494000000000006,0.19571,0.3663,0.057408,-0.3526,1.12198,0.4319,-0.8594,-0.61192,0.40564,-0.27776,0.23264,0.2454,-0.95718,0.865,-0.176174,-0.8319,-0.41646,-0.7078,0.183722,0.4446,-0.28648,0.9306,0.23638,-1.24046,0.69892,0.073654,-1.12074,-0.8421,-0.41658,0.19196,-1.09542,0.14981,-1.24982,0.59424,0.41872,-0.051576,-0.91954,0.071938,-1.09844,-0.46782,0.0063574,-0.37714,-0.78044,-0.07523,-0.50222,-0.6332,-0.429,0.2045,0.05429,0.65618,-0.093228,-0.28546,0.25038,0.76918,-0.119108,0.67832,0.5255,-0.54706,-0.29362,-0.028562,0.56024,-0.76106,0.60516,-0.147838,-0.3389,1.33326,-0.60178,-0.32396,-0.166476,0.3943,-0.165682,0.92762,0.31436,-0.183838,-1.10302,-0.31386
ro,marriage,N,0.8994,0.7944,0.26028,0.3675,0.64082,0.71234,-0.131324,0.0654,-0.141508,0.64282,-0.29458,-0.35248,-0.71792,-0.91922,0.32882,0.67342,-0.188104,0.80764,0.34686,-0.21062,-0.6187,-0.120916,-0.2804,0.21654,0.96556,0.3909,-0.136302,-0.32028,-0.49576,1.0518,0.15183,0.57626,0.033566,0.7433,-0.3088,-0.20838,-0.162762,0.2555,0.163168,0.26992,0.36538,0.4388,-0.041354,0.89972,1.13944,0.4003,0.71434,0.62352,0.304,-0.9791,-0.112636,1.3555,0.151376,-0.17274,0.44612,-0.147796,-1.22952,-0.3978,0.053282,-0.64068,0.87394,0.63168,-0.40102,0.6373,-0.118516,0.27224,-0.3825,-1.0538,0.38662,-0.29812,-0.26888,0.43894,0.41424,1.34302,0.189042,0.29928,-0.077318,0.27434,-0.184416,-0.93458,-1.03346,0.83472,-0.029586,0.91632,-0.12665,-0.106064,0.20358,0.4039,-0.29552,-0.31796,0.30364,0.043124,-1.6024,-0.51488,-0.179028,-0.027694,-0.49844,-0.45098,0.7323,0.20414,-0.083462,0.38636,1.16066,-0.37672,0.3845,0.93328,-0.61678,0.92936,-0.6342,-0.082228,0.8467,-0.4625,0.8909,0.172944,-0.4055,-0.035734,-0.17292,0.09138,-0.99824,0.31016,-1.14896,-0.16634,-0.0043922,0.51674,-0.86104,-0.45164,-0.48192,-1.65398,0.69074,-0.04283,-0.096128,0.63846,-0.38676,-0.50072,0.47026,0.62254,0.72424,-0.45624,-0.65376,-0.83988,-0.026374,0.71496,-0.68176,0.64974,0.86322,0.49136,-0.0133498,1.12378,-0.50918,-1.02308,0.47508,0.28886,0.87538,-0.3088,-0.091252,-1.00476,0.15383,-0.087988,-0.51906,0.194446,0.106366,-0.4743,-0.3049,0.54548,0.163684,-1.67378,-0.8824,0.69378,0.26022,0.27986,-0.29772,0.12346,-0.63398,0.88032,-0.20084,-0.39432,-0.028054,-1.31358,0.44756,-0.38396,-0.2271,-0.82636,-0.48418,0.39408,-0.759,-0.91294,0.016413,0.48908,0.20888,-0.76184,0.47824,1.24738,0.0096632,-0.485,0.178542,-1.06852,0.60522,0.6059,-0.4027,-0.68954,-1.5324,0.57892,-0.23486,-0.47232,-0.328,-1.11518,-0.46672,-0.31022,0.28242,-0.51932,-0.35044,0.5114,-0.45142,-0.28358,0.33836,0.23934,0.169682,0.0026194,0.58826,0.75438,-0.4229,0.120416,0.21596,0.91014,-0.28254,0.094294,0.58714,0.63088,-1.42806,0.3489,-1.0563,-0.29916,1.21038,0.21938,-0.55826,-0.30246,-0.36114,-0.37084,-1.3544,0.66424,-0.158194,0.4487,0.74382,-0.23894,0.127506,0.35862,0.22028,0.565,0.39884,-0.27526,0.050594,-0.46074,0.51452,0.48476,0.128014,0.09551,-0.82936,1.41814,-0.17965,0.23634,-0.126596,-0.50516,0.29718,-0.53302,-0.021652,0.30736,-0.157082,-0.55014,-1.36146,-0.76912,0.33676,-0.103282,0.79794,0.068976,-0.50996,0.085684,0.66858,0.61852,0.8484,-0.17818,-0.68042,-0.50412,0.70116,0.154976,-0.018034,-0.45406,0.47042,-0.71154,-0.9408,-0.27872,-0.36848,-1.02172,-0.05339,-0.24974,0.074642,0.63752,0.46518,-0.31062,-0.10762,-0.61418
ro,office,N,1.04176,-0.36148,0.37294,-0.28698,-0.75718,-0.0142412,0.186038,0.61892,0.63566,1.03412,-0.6176,-0.41256,-0.34542,-0.56866,-0.47172,-0.42572,-0.114594,-1.01404,-0.358,-1.08524,0.79308,0.091058,-0.173168,0.147686,0.07627,-0.35124,0.111692,-1.16134,1.65484,-0.06809,-0.72222,0.159588,0.4505,-0.164708,-1.3185,-0.3904,0.38716,-0.07949,0.053672,0.59762,0.6708,0.6753,-0.3138,-0.026298,-0.6812,0.118228,0.37728,0.0053236,0.83806,0.76212,0.189458,0.0176978,0.069658,-0.145062,0.06563,-0.28564,-0.87388,-0.64686,0.7137,0.3473,-0.49882,0.043412,0.38682,-0.06452,-0.50866,-1.10564,-1.06384,-0.159778,-0.99098,0.23656,0.60824,0.2577,0.12278,0.78844,1.34164,0.178474,-0.63604,-0.56938,0.042868,-0.3155,-1.52228,0.13906,0.54596,-0.36916,-0.118264,0.24084,-0.101786,-0.26976,-0.24984,-0.64976,0.181514,-1.1628,-0.068492,-0.61604,0.6593,-0.36088,-0.8072,-0.31942,-0.29334,-0.092256,-0.142866,-0.38862,0.86502,-0.3818,0.36662,0.29142,-0.54308,0.30786,-0.49474,0.59914,0.2457,-0.3699,-0.21604,-0.188322,0.18166,-0.81436,-0.44644,0.33972,-0.80828,0.2169,-0.71358,-0.33674,-0.52114,0.42492,-0.21682,-0.039524,0.75924,-0.141466,0.87724,-0.59374,0.36822,1.04746,-5.5256e-4,-0.184678,-0.32106,-0.51426,0.8884,0.68188,-0.37246,-0.57688,-0.65934,-1.012,0.28428,0.5488,0.56456,-0.191836,0.6366,-0.42082,-0.022584,-0.156088,0.084818,0.156192,1.01788,-0.41548,-0.46578,-0.63548,1.301,0.105644,-0.56894,-0.3533,0.60238,-0.2039,-0.6201,-0.37292,0.27,-0.48818,0.08739,0.5847,0.79886,1.6833,-0.076584,-0.3082,0.147784,-0.119994,-0.8133,-0.23248,-0.42766,-0.058524,0.02396,0.10004,-0.91954,0.05341,-0.61058,0.21542,-0.31094,0.41658,0.36642,0.107098,-0.28058,-0.065488,0.65628,0.50666,-0.141458,-0.70046,0.02853,0.76992,-0.39858,-0.127072,-0.58896,0.32316,-1.1022,0.014401,0.89214,0.26262,-0.195206,-0.20016,-0.098464,-0.7337,0.1794,-0.4871,0.2176,-0.146114,-0.40004,-1.1904,0.77574,-0.39286,-0.4252,-0.80696,-0.191848,-0.49122,-0.37518,0.67118,-0.72322,0.53174,0.37514,0.113674,0.21606,0.19738,0.46468,0.174456,-1.63686,-0.169386,-0.35832,0.38898,-0.63718,0.72078,-1.23798,0.47248,-0.025794,0.58034,-0.91926,-0.71292,-0.0044782,0.5056,0.82512,0.45018,0.71452,0.20934,0.158934,0.067236,-0.84456,-0.65622,0.25314,0.4874,-0.82788,0.165432,-0.088458,0.636,0.52454,-0.52386,-0.42192,-0.06997,-0.054222,-0.22738,0.172986,0.32374000000000003,-1.68264,0.172018,-0.087228,-0.66926,0.20448,0.4617,-0.51048,0.27866,0.113782,-0.21544,-0.167728,0.26352,0.35372,0.63064,0.078974,-0.194002,0.125598,-0.39014,0.07551,-0.109,0.29162,0.171018,-0.70248,-0.23166,-0.25592,0.155002,-0.48748,0.43566,-0.127294,-0.7043,-0.29342,-0.52738,-0.55482,-0.34502
ro,parents,F,0.32862,0.34316,0.94578,0.34564,0.9434,-0.11485,-1.10464,-0.130748,0.69716,0.25034,0.46518,-0.50368,-0.38554,-0.76656,0.47888,0.80918,-0.78646,0.30498,0.82712,-0.54544,-0.39368,-0.40168,0.67106,1.01648,-0.31764,-0.54092,0.142592,0.034096,-1.14336,-0.612,-0.12939,0.2976,-0.188722,-1.4855,-0.190306,-0.87234,0.061784,0.02126,-0.23946,0.22622,-0.5675,-0.098548,0.9208,1.1236,-0.34104,-0.23718,-0.55634,0.123404,0.73598,0.86566,0.050664,0.36672,0.7495,0.65798,0.33566,-0.84606,-0.063938,0.198422,-0.41704,-0.04467,0.143088,0.011635,-0.106092,-0.54118,-0.60592,0.42,0.88856,-0.97356,0.72532,0.5535,0.2269,0.2367,0.2123,0.49686,0.2277,0.47134,0.5198,-0.7914,1.08928,-0.193366,0.83358,0.46856,0.170428,-0.48812,-0.456,0.74844,-0.172344,-0.31272,0.23788,-0.06201,0.30366,-0.46684,-0.66938,-0.016225,-0.054072,-0.54022,-0.37492,0.060438,0.8986,-0.5813,0.45618,-0.28596,-0.46802,-0.039062,0.026154,-0.181096,-0.43522,-0.73154,-0.55624,0.026596,0.508,-0.4197,0.51926,-0.61696,-0.87114,-0.50882,-0.36192,-0.181472,-0.59696,0.40384,-0.87326,-0.129094,-0.096032,0.22012,-0.43432,-0.80106,-0.46068,-0.83564,0.57982,0.93772,-0.63652,0.60018,0.030246,-0.031448,-0.45788,-0.27682,1.51762,-0.17349,0.2044,0.196634,-0.104018,0.2309,-1.65506,0.96974,1.0219800000000001,0.23518,0.68338,0.3491,0.47208,-0.060542,0.961,0.57128,0.4571,-0.55972,0.31946,-0.29758,-0.79312,-1.159,0.37066,0.16637,0.148172,-0.29698,-0.033116,1.03096,-0.3091,-0.22228,-0.66306,-0.0214,-1.44432,-0.56996,-1.06852,-0.57964,-0.84992,0.26724,0.50316,0.15568,0.6761,0.78632,0.31502,-0.060048,0.62128,-0.054654,-0.148114,0.63802,-0.43082,-0.48776,0.49812,0.39768,-0.57802,0.23322,0.0959,0.32846,-0.79642,-0.0188054,0.55292,-0.94674,-0.3589,-0.4779,-1.37374,-0.72838,-0.76556,0.081888,-0.065876,0.46194,-0.5763,-0.89086,-0.74186,0.48908,0.42918,-0.14406,0.06991,0.51854,-0.58614,-0.62378,0.0048544,-0.29366,0.21696,0.33852,0.88998,-0.12573,-0.100884,-1.26238,0.022216,-0.44584,-0.197906,0.88536,-0.057604,0.99886,0.084638,-0.86222,-0.72702,-0.47218,-0.102186,-0.0586,-0.081708,0.68984,-0.4922,0.83756,-0.56514,0.54732,-0.33108,-0.54516,0.080656,-0.118262,-1.08412,-0.08128,-0.167042,-0.721,0.136334,-0.50308,-0.21674,-0.137678,0.48896,0.134768,-0.171756,0.3014,-1.2873000000000001,1.4354,-0.26992,-0.196758,0.8322,-0.03283,-0.48836,0.90634,0.22956,0.161142,-1.32458,-0.39558,-0.53378,-0.2716,0.28218,-0.26908,0.188852,-0.165772,0.56066,0.89372,-0.75114,-0.37028,0.37038,0.76802,-0.0069404,0.22038,0.43666,-1.15678,1.00276,-0.53434,0.172714,-0.47524,-0.044732,-0.26854,-0.61662,0.021264,-0.44528,-0.59958,-0.8345,-0.34624,0.40186,-0.0086622,1.08518,0.0061534
ro,parents,M,0.32862,0.34316,0.94578,0.34564,0.9434,-0.11485,-1.10464,-0.130748,0.69716,0.25034,0.46518,-0.50368,-0.38554,-0.76656,0.47888,0.80918,-0.78646,0.30498,0.82712,-0.54544,-0.39368,-0.40168,0.67106,1.01648,-0.31764,-0.54092,0.142592,0.034096,-1.14336,-0.612,-0.12939,0.2976,-0.188722,-1.4855,-0.190306,-0.87234,0.061784,0.02126,-0.23946,0.22622,-0.5675,-0.098548,0.9208,1.1236,-0.34104,-0.23718,-0.55634,0.123404,0.73598,0.86566,0.050664,0.36672,0.7495,0.65798,0.33566,-0.84606,-0.063938,0.198422,-0.41704,-0.04467,0.143088,0.011635,-0.106092,-0.54118,-0.60592,0.42,0.88856,-0.97356,0.72532,0.5535,0.2269,0.2367,0.2123,0.49686,0.2277,0.47134,0.5198,-0.7914,1.08928,-0.193366,0.83358,0.46856,0.170428,-0.48812,-0.456,0.74844,-0.172344,-0.31272,0.23788,-0.06201,0.30366,-0.46684,-0.66938,-0.016225,-0.054072,-0.54022,-0.37492,0.060438,0.8986,-0.5813,0.45618,-0.28596,-0.46802,-0.039062,0.026154,-0.181096,-0.43522,-0.73154,-0.55624,0.026596,0.508,-0.4197,0.51926,-0.61696,-0.87114,-0.50882,-0.36192,-0.181472,-0.59696,0.40384,-0.87326,-0.129094,-0.096032,0.22012,-0.43432,-0.80106,-0.46068,-0.83564,0.57982,0.93772,-0.63652,0.60018,0.030246,-0.031448,-0.45788,-0.27682,1.51762,-0.17349,0.2044,0.196634,-0.104018,0.2309,-1.65506,0.96974,1.0219800000000001,0.23518,0.68338,0.3491,0.47208,-0.060542,0.961,0.57128,0.4571,-0.55972,0.31946,-0.29758,-0.79312,-1.159,0.37066,0.16637,0.148172,-0.29698,-0.033116,1.03096,-0.3091,-0.22228,-0.66306,-0.0214,-1.44432,-0.56996,-1.06852,-0.57964,-0.84992,0.26724,0.50316,0.15568,0.6761,0.78632,0.31502,-0.060048,0.62128,-0.054654,-0.148114,0.63802,-0.43082,-0.48776,0.49812,0.39768,-0.57802,0.23322,0.0959,0.32846,-0.79642,-0.0188054,0.55292,-0.94674,-0.3589,-0.4779,-1.37374,-0.72838,-0.76556,0.081888,-0.065876,0.46194,-0.5763,-0.89086,-0.74186,0.48908,0.42918,-0.14406,0.06991,0.51854,-0.58614,-0.62378,0.0048544,-0.29366,0.21696,0.33852,0.88998,-0.12573,-0.100884,-1.26238,0.022216,-0.44584,-0.197906,0.88536,-0.057604,0.99886,0.084638,-0.86222,-0.72702,-0.47218,-0.102186,-0.0586,-0.081708,0.68984,-0.4922,0.83756,-0.56514,0.54732,-0.33108,-0.54516,0.080656,-0.118262,-1.08412,-0.08128,-0.167042,-0.721,0.136334,-0.50308,-0.21674,-0.137678,0.48896,0.134768,-0.171756,0.3014,-1.2873000000000001,1.4354,-0.26992,-0.196758,0.8322,-0.03283,-0.48836,0.90634,0.22956,0.161142,-1.32458,-0.39558,-0.53378,-0.2716,0.28218,-0.26908,0.188852,-0.165772,0.56066,0.89372,-0.75114,-0.37028,0.37038,0.76802,-0.0069404,0.22038,0.43666,-1.15678,1.00276,-0.53434,0.172714,-0.47524,-0.044732,-0.26854,-0.61662,0.021264,-0.44528,-0.59958,-0.8345,-0.34624,0.40186,-0.0086622,1.08518,0.0061534
ro,professional,F,-0.21148,-0.148978,0.58296,0.24676,1.34144,0.50332,-0.77306,0.21502,-0.72662,-1.10372,-0.23422,-0.0110924,-0.185784,-0.86188,0.50236,-0.02934,1.27126,-0.47272,-0.17803,-0.88188,-0.0165788,-0.27406,-0.96584,0.27066,0.44846,-0.8016,0.32242,-0.95614,-0.68794,0.0058422,-0.0362,0.057738,0.065312,-0.3155,-0.118754,-0.4736,0.48076,-1.53694,-0.034498,0.02238,-0.85612,-0.028404,0.158332,0.2579,0.112834,-0.33752,0.6393,0.74118,0.3377,0.38392,0.44218,-0.20062,0.31806,-0.68998,0.90226,-0.38932,-1.15368,0.043478,0.3737,-0.51272,0.177528,0.7039,0.37876,-0.024548,0.005285,-0.4475,-0.15759,-0.43076,-0.60174,0.87406,-0.84912,0.35752,0.161354,0.058094,-0.062584,-0.027158,0.007478,-0.34622000000000003,0.60822,-0.63858,-0.95734,0.62226,0.396,-0.5191,0.0077616,0.28484,-0.47556,0.52272,-0.6534,0.00132954,1.03524,-0.66262,-0.85424,-0.66776,0.45212,-0.105724,0.176086,-0.58792,0.80322,-0.182694,0.21564,0.143244,0.0051668,-0.75122,-0.24742,-0.56364,-0.46172,-0.65658,-0.51354,-0.7088,-0.60256,-0.46276,-0.52544,-0.3985,-0.37424,0.2919,-0.09711,0.0031732,-0.67484,0.22528,-0.037132,0.57248,0.31664,0.145468,-0.48908,0.55838,0.69,0.78402,1.40568,0.40958,-0.161146,0.82914,-0.7871,-0.42462,-1.4508,0.9149,0.8861,-0.24896,-0.3879,-0.65526,0.064664,-0.4879,-0.26142,-0.27172,0.64664,-0.180836,0.3718,0.15591,0.07246,0.03019,0.3818,-0.136332,0.97074,0.05795,-0.121158,0.35632,0.29426,0.58856,0.83676,0.42756,0.182886,0.162102,0.124148,0.40148,0.067236,0.142466,0.141732,-0.107226,-0.40498,-0.176698,-0.31168,-0.40972,0.152376,-0.2607,-0.153342,1.01354,-0.71472,-0.99178,-0.53578,0.47594,-1.01478,0.73522,0.74094,0.156052,0.89228,0.71388,0.36616,-0.6574,-0.21306,-0.04257,-0.21856,0.23506,0.26842,-0.55006,0.25672,-0.097666,-0.21766,0.41512,-0.62712,-0.48428,-1.24608,0.29382,0.33508,-0.033912,-0.43972,-0.4153,-0.65318,-0.26712,0.52988,-0.70298,-0.117774,0.3799,-0.45548,0.3257,0.08536,-0.32578,0.06618,-0.45764,-0.90558,-0.29826,0.07277,-0.2585,-0.070744,-0.7441,-0.13815,0.55802,0.10809,-0.02203,0.196708,-0.24894,-0.97164,0.11999,-0.63206,-0.13408,-0.48392,-0.25102,-0.21448,0.2854,-0.037998,-0.078706,-0.47866,-0.51448,-0.173558,0.45116,-0.92662,-0.006405,0.43656,-0.24544,0.093926,-0.3919,-0.67578,0.56288,-0.22554,0.38174,-0.37284,-0.28726,-0.107976,0.58794,-0.47668,0.064644,-0.36256,-0.48766,-0.962,-0.20216,-0.37254,-0.31754,0.103676,-0.34048,-0.02139,-0.5562,0.118484,-0.2398,0.044118,0.21926,-0.54496,0.32918,1.91998,-0.143678,0.074306,0.81044,0.46118,0.55938,0.087032,0.23644,-0.05025,-0.35588,-0.49136,0.38436,-0.51676,0.69204,-0.056508,-0.24862,-0.8883,-1.01314,-0.55328,0.25308,0.062056,-0.41448,-0.46124,-0.178928
ro,professional,M,-0.21148,-0.148978,0.58296,0.24676,1.34144,0.50332,-0.77306,0.21502,-0.72662,-1.10372,-0.23422,-0.0110924,-0.185784,-0.86188,0.50236,-0.02934,1.27126,-0.47272,-0.17803,-0.88188,-0.0165788,-0.27406,-0.96584,0.27066,0.44846,-0.8016,0.32242,-0.95614,-0.68794,0.0058422,-0.0362,0.057738,0.065312,-0.3155,-0.118754,-0.4736,0.48076,-1.53694,-0.034498,0.02238,-0.85612,-0.028404,0.158332,0.2579,0.112834,-0.33752,0.6393,0.74118,0.3377,0.38392,0.44218,-0.20062,0.31806,-0.68998,0.90226,-0.38932,-1.15368,0.043478,0.3737,-0.51272,0.177528,0.7039,0.37876,-0.024548,0.005285,-0.4475,-0.15759,-0.43076,-0.60174,0.87406,-0.84912,0.35752,0.161354,0.058094,-0.062584,-0.027158,0.007478,-0.34622000000000003,0.60822,-0.63858,-0.95734,0.62226,0.396,-0.5191,0.0077616,0.28484,-0.47556,0.52272,-0.6534,0.00132954,1.03524,-0.66262,-0.85424,-0.66776,0.45212,-0.105724,0.176086,-0.58792,0.80322,-0.182694,0.21564,0.143244,0.0051668,-0.75122,-0.24742,-0.56364,-0.46172,-0.65658,-0.51354,-0.7088,-0.60256,-0.46276,-0.52544,-0.3985,-0.37424,0.2919,-0.09711,0.0031732,-0.67484,0.22528,-0.037132,0.57248,0.31664,0.145468,-0.48908,0.55838,0.69,0.78402,1.40568,0.40958,-0.161146,0.82914,-0.7871,-0.42462,-1.4508,0.9149,0.8861,-0.24896,-0.3879,-0.65526,0.064664,-0.4879,-0.26142,-0.27172,0.64664,-0.180836,0.3718,0.15591,0.07246,0.03019,0.3818,-0.136332,0.97074,0.05795,-0.121158,0.35632,0.29426,0.58856,0.83676,0.42756,0.182886,0.162102,0.124148,0.40148,0.067236,0.142466,0.141732,-0.107226,-0.40498,-0.176698,-0.31168,-0.40972,0.152376,-0.2607,-0.153342,1.01354,-0.71472,-0.99178,-0.53578,0.47594,-1.01478,0.73522,0.74094,0.156052,0.89228,0.71388,0.36616,-0.6574,-0.21306,-0.04257,-0.21856,0.23506,0.26842,-0.55006,0.25672,-0.097666,-0.21766,0.41512,-0.62712,-0.48428,-1.24608,0.29382,0.33508,-0.033912,-0.43972,-0.4153,-0.65318,-0.26712,0.52988,-0.70298,-0.117774,0.3799,-0.45548,0.3257,0.08536,-0.32578,0.06618,-0.45764,-0.90558,-0.29826,0.07277,-0.2585,-0.070744,-0.7441,-0.13815,0.55802,0.10809,-0.02203,0.196708,-0.24894,-0.97164,0.11999,-0.63206,-0.13408,-0.48392,-0.25102,-0.21448,0.2854,-0.037998,-0.078706,-0.47866,-0.51448,-0.173558,0.45116,-0.92662,-0.006405,0.43656,-0.24544,0.093926,-0.3919,-0.67578,0.56288,-0.22554,0.38174,-0.37284,-0.28726,-0.107976,0.58794,-0.47668,0.064644,-0.36256,-0.48766,-0.962,-0.20216,-0.37254,-0.31754,0.103676,-0.34048,-0.02139,-0.5562,0.118484,-0.2398,0.044118,0.21926,-0.54496,0.32918,1.91998,-0.143678,0.074306,0.81044,0.46118,0.55938,0.087032,0.23644,-0.05025,-0.35588,-0.49136,0.38436,-0.51676,0.69204,-0.056508,-0.24862,-0.8883,-1.01314,-0.55328,0.25308,0.062056,-0.41448,-0.46124,-0.178928
ro,relatives,F,0.12746,0.54333,0.075227,-0.22138,-0.078031,-0.10481,-0.019958,0.5053,0.1949,0.12203,-0.26515,-0.27526,-0.13552,-0.026195,-0.30824,0.2127,-0.18469,0.03913,0.29557,-0.63035,-0.0983,-0.37037,0.12963,0.10816,-0.29413,0.0070508,-0.24067,0.030017,-0.081219,-0.36671,-0.30201,0.34188,-0.29447,-0.062863,-0.42182,-0.26645,0.032747,-0.072347,-0.023651,-0.2628,0.063002,-0.38543,0.48424,0.16605,-0.27263,0.0068219,0.1371,-0.094433,0.0062137,0.080437,0.41973,0.23221,0.24159,0.53198,0.40911,-0.044662,0.27011,-0.57032,-0.40099,0.0652,-0.12393,-0.041236,0.092857,0.30492,0.036379,0.33416,-0.094584,-0.11434,-0.0068437,0.48121,-0.047591,0.29842,0.087401,0.51463,0.12587,0.18451,0.030769,-0.24157,-0.13245,-0.20778,0.032711,0.08337,0.23935,-0.42798,0.13728,0.083427,-0.022614,0.050625,0.17357,-0.063169,-0.11056,-0.10736,-0.19904,-0.47439,0.21995,-0.093874,-0.2696,-0.1761,-0.016361,0.097444,0.57619,0.054351,-0.0032384,-0.52542,-0.043846,0.23448,-0.01391,0.064576,-0.22753,-0.054868,0.17941,-4.3893e-4,0.10537,-0.32708,0.099472,-0.30889,-0.32471,-0.076462,-0.097094,-0.035107,-0.68381,0.16874,-0.093997,0.15933,-0.64538,-0.26828,-0.026781,-0.4691,0.11841,0.27532,-0.22104,-0.14654,-0.35249,-0.17492,-0.05975,-0.1848,0.16686,0.095428,-0.58065,-0.036451,0.17659,-0.17284,-0.73182,0.16157,0.21735,0.12781,-0.098499,0.40471,-0.24378,0.25812,0.12077,0.37977,0.3368,0.075636,-0.18883,-0.48453,-0.10314,-0.39643,-0.014469,-0.57827,-0.018072,-0.1745,-0.21523,0.78148,-0.11071,-0.083647,-0.31378,-0.64448,-0.086804,-0.39356,-0.58859,0.095427,-0.25786,-0.025992,-0.35791,0.13191,0.34757,-0.37309,0.44247,-0.19209,-0.021638,-0.053387,-0.17651,0.023564,-0.48372,-0.62082,-0.19248,0.10041,-0.080017,0.02208,0.14176,0.19827,0.013541,0.061159,-0.019942,0.02572,-0.18861,0.10779,-0.61049,-0.11758,-0.21578,0.308,0.012947,0.34685,0.16441,-0.11477,-0.29734,0.45017,0.090869,-0.02119,0.37316,0.026383,-0.51894,-0.099661,-0.24472,0.25539,0.3517,-0.5724,0.064895,0.27947,0.30079,-0.65779,0.084122,-0.56252,0.0087485,0.28522,-0.058808,0.091929,0.079034,0.1463,-0.20742,-0.33442,-0.26153,-0.2202,-0.29612,-0.36982,0.1967,-0.080942,-0.46906,0.50652,0.23525,-0.15903,-0.68463,0.074296,-0.23155,-0.39836,0.0011292,0.10057,0.31177,0.013556,0.074029,-0.30759,0.40368,0.35774,-0.3745,0.20983,0.16552,0.35953,-0.20232,-0.36619,0.74598,0.42987,0.082969,0.28201,-0.064611,0.089168,-0.52975,-0.043479,-0.080291,-0.18037,6.7067e-4,0.098445,0.41517,-0.099084,0.039507,0.083024,0.42417,0.20757,0.096615,0.38935,-6.1017e-4,-0.0095383,0.070987,0.08503,0.23878,-0.39572,-0.21941,0.11556,0.075311,-0.046868,0.10091,-0.20494,0.18925,-0.14579,0.22924,0.0077911,-0.38964,0.025707,0.45707,-0.14198
ro,relatives,M,0.12746,0.54333,0.075227,-0.22138,-0.078031,-0.10481,-0.019958,0.5053,0.1949,0.12203,-0.26515,-0.27526,-0.13552,-0.026195,-0.30824,0.2127,-0.18469,0.03913,0.29557,-0.63035,-0.0983,-0.37037,0.12963,0.10816,-0.29413,0.0070508,-0.24067,0.030017,-0.081219,-0.36671,-0.30201,0.34188,-0.29447,-0.062863,-0.42182,-0.26645,0.032747,-0.072347,-0.023651,-0.2628,0.063002,-0.38543,0.48424,0.16605,-0.27263,0.0068219,0.1371,-0.094433,0.0062137,0.080437,0.41973,0.23221,0.24159,0.53198,0.40911,-0.044662,0.27011,-0.57032,-0.40099,0.0652,-0.12393,-0.041236,0.092857,0.30492,0.036379,0.33416,-0.094584,-0.11434,-0.0068437,0.48121,-0.047591,0.29842,0.087401,0.51463,0.12587,0.18451,0.030769,-0.24157,-0.13245,-0.20778,0.032711,0.08337,0.23935,-0.42798,0.13728,0.083427,-0.022614,0.050625,0.17357,-0.063169,-0.11056,-0.10736,-0.19904,-0.47439,0.21995,-0.093874,-0.2696,-0.1761,-0.016361,0.097444,0.57619,0.054351,-0.0032384,-0.52542,-0.043846,0.23448,-0.01391,0.064576,-0.22753,-0.054868,0.17941,-4.3893e-4,0.10537,-0.32708,0.099472,-0.30889,-0.32471,-0.076462,-0.097094,-0.035107,-0.68381,0.16874,-0.093997,0.15933,-0.64538,-0.26828,-0.026781,-0.4691,0.11841,0.27532,-0.22104,-0.14654,-0.35249,-0.17492,-0.05975,-0.1848,0.16686,0.095428,-0.58065,-0.036451,0.17659,-0.17284,-0.73182,0.16157,0.21735,0.12781,-0.098499,0.40471,-0.24378,0.25812,0.12077,0.37977,0.3368,0.075636,-0.18883,-0.48453,-0.10314,-0.39643,-0.014469,-0.57827,-0.018072,-0.1745,-0.21523,0.78148,-0.11071,-0.083647,-0.31378,-0.64448,-0.086804,-0.39356,-0.58859,0.095427,-0.25786,-0.025992,-0.35791,0.13191,0.34757,-0.37309,0.44247,-0.19209,-0.021638,-0.053387,-0.17651,0.023564,-0.48372,-0.62082,-0.19248,0.10041,-0.080017,0.02208,0.14176,0.19827,0.013541,0.061159,-0.019942,0.02572,-0.18861,0.10779,-0.61049,-0.11758,-0.21578,0.308,0.012947,0.34685,0.16441,-0.11477,-0.29734,0.45017,0.090869,-0.02119,0.37316,0.026383,-0.51894,-0.099661,-0.24472,0.25539,0.3517,-0.5724,0.064895,0.27947,0.30079,-0.65779,0.084122,-0.56252,0.0087485,0.28522,-0.058808,0.091929,0.079034,0.1463,-0.20742,-0.33442,-0.26153,-0.2202,-0.29612,-0.36982,0.1967,-0.080942,-0.46906,0.50652,0.23525,-0.15903,-0.68463,0.074296,-0.23155,-0.39836,0.0011292,0.10057,0.31177,0.013556,0.074029,-0.30759,0.40368,0.35774,-0.3745,0.20983,0.16552,0.35953,-0.20232,-0.36619,0.74598,0.42987,0.082969,0.28201,-0.064611,0.089168,-0.52975,-0.043479,-0.080291,-0.18037,6.7067e-4,0.098445,0.41517,-0.099084,0.039507,0.083024,0.42417,0.20757,0.096615,0.38935,-6.1017e-4,-0.0095383,0.070987,0.08503,0.23878,-0.39572,-0.21941,0.11556,0.075311,-0.046868,0.10091,-0.20494,0.18925,-0.14579,0.22924,0.0077911,-0.38964,0.025707,0.45707,-0.14198
ro,salary,N,0.39018,-0.96406,0.75478,-0.50424,0.49504,0.007295,-1.06358,0.32262,0.68782,-0.73896,-0.072138,0.170568,0.07644,-1.01094,0.39908,0.32348,0.044918,-0.91964,0.053872,-0.199558,0.96932,-0.34804,0.43508,1.68246,0.88186,-0.35124,1.03612,-0.572,0.44506,0.75316,-0.60114,0.58144,-0.0037998,-0.155918,-0.96152,-0.058654,0.123212,-1.31946,0.40606,0.92956,-1.04572,-0.150978,1.4119,1.1144,-0.22094,-0.86794,0.80212,-0.038966,-0.39634,-0.22788,-0.38792,-0.61504,0.42276,-0.67936,0.21182,0.2959,-0.93542,-0.02045,0.6009,0.160354,-0.46514,0.41344,-0.072818,-0.61714,-0.32126,-0.21584,-0.437,0.33198,-0.162238,-0.112176,0.22488,0.98884,0.27288,0.003166,0.15643,0.102942,0.52564,-0.77694,0.41776,-0.32226,-1.14988,1.56566,0.120206,-0.56314,0.89366,0.89398,-0.3105,0.158558,-0.9757,-0.77454,0.71172,-0.48848,-0.71992,-0.00178168,0.3523,1.0871,-0.8337,-0.47806,-0.2002,-0.83254,0.19543,-0.71268,0.79502,-0.118928,0.24756,-0.3452,-0.58978,0.46438,-0.42668,0.26416,0.26558,0.50518,0.67518,-0.183448,-1.03164,0.1663,-0.07511,0.74932,-0.27994,-1.04514,0.50648,0.232,-0.0102726,-0.29814,-1.0462,-0.038934,0.5913,0.1895,1.04492,-0.12077,-0.05312,0.95834,-0.5713,0.3832,0.032286,0.5689,0.65444,0.51458,-0.41878,0.3924,-0.27778,-1.35218,-0.40228,1.0938,0.98498,-0.49388,0.47104,0.379,-0.045364,0.37244,0.29114,-0.46856,0.76792,-0.33254,0.2316,-0.27052,0.281,-0.5555,0.55424,0.62506,-0.31168,0.2913,0.0113368,-0.0116396,-0.165828,-0.38058,0.3654,0.062,0.29794,0.50262,-0.7523,-0.4559,-0.22582,0.180184,0.39086,-0.025622,0.42502,-0.194066,1.3625,-0.32028,0.077278,0.48486,-0.65198,0.86204,-0.26036,-0.091,0.6645,0.94568,0.5139,-0.0875,0.38612,-0.23578,0.77258,-0.2275,0.127718,-0.6904,-0.70846,0.53586,-0.126364,-0.5177,0.28088,0.425,0.6784,0.50114,-0.32466,-0.45962,-0.0141138,0.093334,0.20758,-0.46792,-0.5924,-0.67816,0.24394,0.27576,1.3159,-0.41242,0.465,0.84282,-0.71708,-0.064818,-0.66272,-0.17553,-0.59108,0.064578,-0.115972,0.58816,-0.57522,-0.0171876,0.82668,0.119792,-1.63106,0.61318,-0.62616,-0.1251,0.85042,-0.35628,-1.15174,0.5506,-0.85674,1.36972,-0.073312,-1.03916,-0.43384,1.00408,0.106088,0.9497,-0.43858,-0.068442,0.4166,0.28552,0.34127999999999997,0.35862,-0.108254,0.64502,-0.196132,0.102456,0.027194,0.68042,-0.6308,-0.074992,1.3823,-0.20056,0.53782,-0.2716,-0.27532,0.58734,-0.79564,0.033088,-0.73568,-0.26156,0.64624,0.10024,-0.60494,0.2775,-0.49948,0.0090712,0.2282,0.24684,0.48052,-0.22714,0.22344,0.52418,0.2679,0.3536,-0.73834,-0.50194,0.25362,-1.15404,0.38324,0.34188,-0.19166,-0.28304,0.0196512,-0.54952,-0.083604,0.4258,0.42522,-0.2679,0.50184,0.78874
ro,she,N,0.39476,-0.075732,0.0192604,-0.22552,0.54614,-0.020152,-0.48352,0.43488,-0.129618,-0.120322,0.02747,0.0179142,-0.187104,-0.58004,0.34972,0.182234,0.92126,0.57892,0.33446,-0.44346,-0.061908,-0.41406,-0.06158,-0.159188,0.2777,-0.031938,0.42046,-0.20052,-0.25226,-0.09665,-0.07068,-0.07851,0.24828,-0.41474,-0.3115,-0.075462,-0.040282,-0.7617,-0.33676,0.120976,-0.27864,-0.33298,-0.023638,0.090086,-0.00184536,0.089358,0.4078,0.5036,0.24512,-0.25476,0.3585,0.5666,0.12627,-0.67394,0.70376,-0.2441,0.24888,-0.30166,0.074812,-0.171504,-0.26902,-0.23634,-0.111128,-0.57812,0.008115,0.61638,-0.2776,0.124386,-0.024414,-0.2788,-0.39238,0.2878,-0.198018,0.30024,-0.20934,0.73372,0.27374,-0.295,0.17127,-0.43238,-0.114848,0.02933,-0.135676,-0.064116,0.33692,0.54986,0.2024,0.07768,0.109694,-0.098794,0.046358,0.153882,-0.50154,-0.141416,0.29006,-0.24088,-0.4394,-0.79208,0.2843,-0.162242,0.49004,0.078124,0.159806,-0.23096,-0.40434,0.75894,-0.192018,0.152952,0.103978,0.36116,-0.072474,-0.171536,-0.37184,-0.59314,-0.23992,-0.72368,0.36098,0.32,-1.03936,-0.3158,-0.30456,0.151322,0.26346,0.087782,-0.093206,-0.26438,-0.145478,-0.140372,-0.044452,-0.060294,0.20166,0.64792,0.154856,0.122588,0.45692,0.43602,-0.054194,0.39512,-0.33258,-0.2486,0.145196,-0.037326,-0.5687,0.80016,0.9803,0.031812,0.3115,0.093198,-0.116312,-0.49336,0.53178,-0.070808,0.125952,-0.146544,-0.27026,-0.18346,-0.0150774,0.48384,-0.127354,-0.150588,0.2888,-0.030488,-0.4977,0.2467,0.31492,-0.171662,0.159302,-0.137396,-0.32274,0.30116,-0.22708,0.23764,0.20294,0.30416,0.087624,-0.20908,0.75256,0.55506,-0.26982,-0.3483,-0.121786,-0.48606,0.3403,-0.0095236,-0.26798,0.66396,0.07972,0.6572,-0.43716,-4.2696e-4,0.79658,0.49392,-0.28264,-0.82554,0.2788,-0.124254,-0.41444,0.33988,0.081556,-0.3496,-0.16432,0.65542,-0.076506,0.50424,0.10445,-0.35032,-0.131238,-0.51994,-0.162966,-0.33652,0.0030532,1.11784,-0.34356,-0.45046,0.36538,-0.085078,-0.33006,-0.35402,0.5236,0.4676,0.078216,0.3196,0.20016,0.23836,-0.2057,0.080016,0.20492,0.20318,0.05867,-0.086584,-0.49446,-0.65658,-0.48558,0.51806,-0.197326,-0.5093,0.179692,0.160184,-0.34592,0.139998,-0.44642,-0.02645,-0.082524,-0.0169196,0.1288,0.50614,0.32554,-0.58634,0.56552,0.80022,-0.35234,-0.4725,-0.119274,-0.14462,0.20936,-0.42632,0.080754,-0.040182,-0.054658,-0.101878,0.25064,-0.193204,0.59918,-0.042778,-0.26726,0.39374,-0.3723,-0.028128,0.46634,-0.40018,-0.073154,-0.187238,0.51462,-0.06638,-0.43706,0.063148,0.39406,-0.124864,0.00177002,-0.15416,-0.012541,-0.20796,-0.184934,-0.56206,0.27877999999999997,-0.010164,-0.17161,0.0024488,0.0125,-0.3881,0.0077448,-0.3345,-0.024088,-0.22198,0.032796,-0.5647,-0.55054,-0.24726,-0.179944,-0.047908
ro,sister,N,0.71846,0.3398,0.10934,-0.132846,0.25498,0.28656,-1.0459,0.047714,0.38352,-0.028648,-0.0167222,-0.43322,0.57062,0.085048,1.69444,0.021946,-0.18089,0.52078,0.10777,-1.6897,-1.01964,0.174072,0.74388,-0.0974,0.58694,0.38494,0.76262,-0.20018,-0.26,0.141776,-0.176166,0.58304,-0.0085028,-0.46138,0.45344,0.24288,0.77124,0.9725,0.5208,-0.2292,-0.186804,-0.4555,0.25006,-0.56192,0.3253,-0.38378,-0.40534,0.41552,1.19256,-0.8788,0.068314,-0.127494,0.63314,0.099486,0.14801,-0.248,0.146864,0.135062,-0.73466,0.43934,0.0150888,-0.34164,-0.76916,-0.4501,-0.27604,0.67738,-0.43702,-0.99744,-0.2275,0.45138,0.67966,-0.033172,0.49102,1.15132,0.57788,-0.68598,0.62884,-0.589,0.148586,-0.43446,-0.53582,0.07237,0.36694,-0.28428,0.6901,0.74712,-0.7988,-0.63308,0.25004,-0.54344,0.05238,-0.65312,-0.7868,-0.71664,1.18066,-0.82986,-0.57004,0.084628,0.55914,-0.58036,0.017872,0.61462,0.89016,0.098154,-0.35062,0.8543,5.4568e-4,0.94868,0.058836,-0.227,0.40466,-0.42788,-0.55946,-0.69808,0.11187,0.37696,-0.21562,-0.161386,-1.55928,-0.70088,-0.35966,0.91872,-0.178032,-0.71188,-0.6672,-0.47506,0.22638,-0.2206,0.43828,1.33588,-0.116392,0.7589,0.26016,-0.41834,0.71038,0.7417,0.88048,-0.25296,-0.74896,-0.33302,-0.04832,0.021876,-0.90328,0.7467,2.0978,0.167,0.107356,0.6885,0.29344,-0.89678,0.26986,0.186704,0.177966,0.131722,-1.03232,-0.177974,0.23452,-0.55878,0.57394,-1.5514,0.74666,-0.00137252,-0.25188,0.86826,1.3106,-0.30584,-0.79594,-0.6625,-0.168414,-0.34394,-0.81934,-0.49576,-0.150386,1.4428,0.60068,-0.10529,0.7406,-0.136702,0.81002,0.26788,-0.94864,1.5556,0.2658,0.518,-0.432,0.032068,0.65008,0.62782,-0.77542,0.47636,0.29594,1.1567,-0.06991,-1.54302,-0.086824,-0.099492,0.33246,-0.73246,-1.02222,-0.71072,-0.37326,-0.28936,0.05742,0.58586,0.0058892,-0.42512,0.72072,-0.08448,-0.44778,-0.092998,0.5068,-0.074624,-1.17444,-0.073196,0.57314,0.89474,-0.76142,-0.99456,-0.079198,0.68314,0.20518,-0.29588,0.5283,-0.040122,-0.22338,0.34816,-0.31558,-0.20018,-0.154136,-0.4624,0.40134,-0.973,-0.51588,-0.21486,-0.057326,0.034736,0.185574,0.49892,0.26664,-0.4379,-0.30802,-0.020416,-0.8175,-0.35142,-0.080504,0.72408,0.53276,-1.6907,-0.022496,0.104042,0.84926,-0.64978,0.98186,0.47728,-0.140514,0.81192,-0.50142,0.148704,-0.6923,-0.22032,1.17684,0.154004,0.52856,-0.132858,-0.172642,-0.0768,-1.08468,-0.0129826,0.54278,-0.87266,-0.0246,-0.169868,0.45986,0.43036,1.03842,0.96626,0.0462,-0.26082,0.6919,0.23516,-0.3711,0.86718,-0.0132756,-0.71922,-0.07796,-0.8276,0.0159776,-0.6518,-0.50098,-0.46476,0.3168,-0.30496,-0.32772,-0.25708,-0.6438,-0.52428,0.072726,-0.053934,0.06478,-0.61332
ro,son,N,0.501909,0.62749,0.8689100000000001,0.7286400000000001,0.7197800000000001,0.35119,-1.31077,0.04943600000000001,0.8175880000000001,0.270387,-0.6807000000000001,-0.170625,-0.042529,-0.16862699999999997,0.7172000000000001,0.19607999999999998,0.121868,-0.1006889,0.19378800000000002,-1.49342,-0.04773999999999999,-0.1414,0.14658100000000002,0.98045,0.61585,0.013953000000000007,0.35057,-0.459193,-0.0854133,0.2871,-0.0221009,0.0713195,0.042039999999999994,-0.34367929999999997,-0.36428499999999997,-0.63331,0.14275000000000002,-0.258,-0.146839,0.204802,-0.006327300000000001,-0.28234,0.43293,0.253575,-0.74157,-0.38343000000000005,-0.37104099999999995,-0.15306,0.89289,0.225592,0.32169,0.050381999999999996,1.24303,0.207109,0.38627999999999996,-0.24992399999999998,0.43413,-0.48658,0.72576,0.310311,0.057891,-0.30104,0.39253000000000005,-0.11644399999999999,-0.40519,1.13701,0.230146,-0.70523,-0.71519,0.017317,0.3816,0.124634,0.48419999999999996,-0.3954,-0.302059,-0.109053,0.168711,0.37026000000000003,0.70145,-0.137483,-0.58169,0.0333323,0.60558,-0.081315,2.500000000000002e-4,0.69682,-0.756,0.024931999999999996,-0.24263,-0.31526,-0.1009859,-0.361486,-0.42578,-0.436942,0.4646699999999999,-0.65752,0.26905999999999997,0.162152,0.24669400000000002,-0.76399,-0.09486,0.468229,0.14781999999999998,0.08016499999999999,-0.5794900000000001,0.354852,-0.64352,0.610261,-0.5062800000000001,-0.012254000000000001,-0.47775,0.218746,0.10182300000000001,-0.413104,0.07153000000000001,-0.525158,-0.445693,0.319346,-0.9042600000000001,-0.38786,0.07139000000000001,0.60534,-0.017862999999999997,0.436,-0.379967,-0.35208,0.16715000000000002,-0.62306,0.5150549999999999,0.8507,0.20821699999999999,0.68649,-0.1106948,-0.42518999999999996,0.19517800000000002,0.6480400000000001,0.77142,-0.15254700000000002,-1.2097,-0.5402899999999999,-0.339484,-0.40802000000000005,-0.87496,0.597631,1.08077,-0.2000346,0.48916,0.60144,-0.11002999999999996,-0.037648,0.687022,-0.381937,0.137349,-0.403163,-0.1091516,-0.15146,-0.4124417,-1.04681,-0.030350000000000002,-0.5911957,0.13058,-0.180222,0.4379,-0.04163900000000001,-0.05320999999999999,-0.287135,-0.42583,0.139296,0.67146,0.89708,-1.08493,-0.9221999999999999,0.028532000000000002,0.27983,0.102153,-0.225947,0.68928,-0.281637,0.1309967,-0.250297,0.204253,0.50032,-0.08355,0.75162,-0.124217,0.15738999999999997,-0.292205,0.12179799999999999,-0.2425,0.28272,0.105652,0.9123,0.005003999999999998,-0.46975999999999996,0.27717,-0.522127,-0.27436,0.027690000000000006,-0.444981,-0.7968500000000001,-1.1480000000000001,0.02555999999999997,0.6016709,0.237297,0.10242899999999999,-1.55951,-0.2354865,0.37475,0.1214839,0.02148,-0.09364467,0.16515700000000003,-1.0488,-0.361983,0.59909,-0.03079000000000004,-0.168539,-0.70959,0.11265900000000001,0.5742,0.11144799999999999,0.027939999999999993,0.1988957,0.395539,-0.434905,0.180511,-0.022177000000000002,0.23967200000000002,0.04055,-0.188552,-1.00313,-0.57382,0.161418,0.460223,0.22159399999999999,0.11190100000000001,0.23896099999999998,0.47376,-0.52149,-0.092158,0.14780900000000002,0.149339,-0.233917,0.7703,0.23994700000000002,0.17401499999999998,0.16736099999999998,-0.377314,0.39373,0.004190000000000027,-0.20355299999999998,0.302016,0.35085,0.36194,-0.73399,0.31412500000000004,-0.74307,0.5075890000000001,-0.29637399999999997,-0.032595,0.72355,0.008854,-0.0700866,-0.008500000000000008,0.3028403,0.10241199999999999,-0.17844300000000002,0.182399,0.537984,0.114963,0.170942,-0.370939,-0.249375,0.51663,0.7941100000000001,0.3287,0.040825,0.177104,0.48426,0.93483,0.1578341,0.47907,0.63347,-0.32099500000000003,0.009690000000000032,-0.44815,0.48704000000000003,0.076336,-0.39823600000000003,0.022423,-0.14103000000000002,-0.73543,-0.69706,-0.49678900000000004,-0.52954,0.19158,0.6865399999999999,-0.29059,0.40356000000000003,-0.01603099999999999
ro,super-imaginative,N,-1.7196799999999999,0.012673999999999977,0.928836,0.83048,1.073388,0.3012558,-1.421724,0.17436600000000002,-0.5325000000000001,-1.60244,0.16949999999999996,-0.49511999999999995,-0.19462000000000002,-1.11352,-0.335538,-0.20356999999999997,1.678642,-0.07730200000000002,0.49866,-1.0663918,-0.90328,-1.52754,-1.25198,-1.14404,0.7042499999999999,0.643386,1.937554,-2.59924,1.28372,-1.7054200000000002,-0.237262,0.08297200000000002,-0.97095,-1.15348,0.557928,-0.5588200000000001,-0.618345,-3.5944000000000003,-0.679208,-0.738141,1.23552,0.4274,0.6210597999999999,-0.758164,-0.579926,-0.6359739999999999,-0.593676,0.681056,0.545376,1.65232,0.457338,0.8604400000000001,-0.09435999999999994,0.006267999999999982,2.2164200000000003,0.04050599999999999,0.51594,-1.6945000000000001,-2.08672,-0.418966,0.21774,-0.21196399999999996,-0.49180199999999996,-2.56298,-0.518394,-0.22681999999999997,-1.2836400000000001,-0.9168620000000001,-0.12274200000000002,0.913338,1.1964626,-0.08206000000000002,-1.7708,-0.58392,-0.652636,-0.46726199999999996,-1.54034,-1.39412,1.579626,-0.882046,-1.287428,2.0895,0.537366,-1.5853220000000001,-2.1491800000000003,1.546768,0.027149999999999987,0.367322,-0.40253599999999995,-1.9895800000000001,1.1769,-1.16066,-0.158582,0.33004999999999995,0.05970162,1.225304,0.39138,-1.64632,0.64768,1.637236,1.295,-1.57354,-0.8190660000000001,-0.9113546,-0.87535,0.825414,-0.36738000000000004,0.0973642,0.7484862000000001,3.00192,1.58708,-0.603874,0.786706,0.9294899999999999,-2.5727200000000003,-1.765684,-0.109544,0.97382,-1.936104,-0.45481,-1.25726,2.50594,0.293246,0.21873019999999999,0.991048,-1.8403,2.0672,-1.112588,-0.8404479999999999,0.66228,0.4216039999999999,0.197478,-1.144474,-0.8039360000000001,0.34478600000000004,0.414566,0.70143200000000006,1.51464,-2.00922,0.684586,0.762124,-0.030886000000000018,0.6580599999999999,0.8024025400000001,1.71886,-0.7377199999999999,-1.2469379999999999,0.555308,-0.035846,2.157934,0.720248954,0.17882199999999998,-0.2503599999999999,-2.15712,0.1927718,-0.030373999999999957,-0.54104,-0.7459,0.383126,0.9063019999999999,-2.29314,2.24622,0.16793379999999994,-0.749682,0.73099,-0.9533,2.084864,-0.338664,-0.09363999999999997,1.5776097999999998,-0.73568,-1.25722,1.25758,-0.23515999999999998,0.789864,-0.261248,1.260702,-0.03055319999999995,0.829532,-2.7439,-0.558694,1.43629,1.019438,0.31584799999999996,0.5051180000000001,0.07396400000000003,-0.06408000000000003,0.32113800000000003,-0.27759999999999996,-0.469692,0.99,2.54014,0.23432000000000003,-1.026598,-0.535,-0.573776,-1.0762800000000001,-0.51466,-2.4359800000000003,-1.5177139999999998,-1.2825799999999998,0.9789800000000001,2.07976,-0.215628,0.08998199999999998,-2.392014,-2.6883600000000003,-1.03622,-0.44672999999999996,0.3859218,1.85154,2.02154,0.079844,0.0811,3.2013599999999998,-0.3698399999999999,-1.2038,-0.88002,1.074624,0.85316,0.288864,0.13626059999999998,-0.415964,-0.23164479999999998,0.63047,-0.1489999999999999,-2.7543,-0.6984354,1.8596,-0.51542,-0.807464,-0.336746,-2.27928,0.9396,0.864906,-0.790786,-0.324356,1.22466,-0.8605999999999999,-0.00849800000000002,-0.09295600000000001,0.80554,0.3903964,0.373996,0.449136,-0.18797199999999997,1.14552,-0.841276,-1.249172,2.0519600000000002,-3.0956,-0.7263200000000001,-0.385862,-1.71576,-2.23684,-1.464778,-1.8150220000000001,1.05158,0.617254,0.79108,3.01202,0.44767999999999997,0.851888,1.145986,-1.10332,-1.21635,0.175576,-1.098794,-0.03482000000000002,-1.64136,-0.32906000000000013,-0.8599424,0.032084000000000015,-0.688982,0.12865400000000002,-0.42107399999999995,1.214034,0.542718,-1.7695,1.92026,0.58816,-0.11925999999999998,0.2444588,0.54261,-0.883178,0.36278,-0.4845752,-0.419664,-0.35094000000000003,0.656692,1.028528,0.810264,0.19687999999999997,-0.602182,-1.537938,1.0373999999999999,0.647896,-0.785644,-2.2575979999999998,-0.7169932
ro,super-smart,F,0.65634,-0.8959600000000001,0.247312,-0.248176,0.75182,1.1411,-0.87996,0.12920399999999999,0.33049399999999995,0.019999999999999962,-0.173378,-0.021339399999999998,-0.7387199999999999,0.018439999999999984,0.40139199999999997,0.515868,0.23082199999999997,-0.15238999999999997,0.193882,-0.708366,1.25612,-1.11462,-0.6005,-0.154244,1.0472000000000001,0.60258,0.299024,-0.04682000000000003,-1.3976,-0.608268,1.0758999999999999,1.152654,-0.088804,-0.13276000000000002,-1.1574,-0.6076999999999999,-0.227802,-1.37019,-1.1271200000000001,-0.31021,-0.37147600000000003,-0.315426,-0.167092,-1.3476,0.359848,0.05929859999999999,0.676738,0.9320600000000001,0.9860199999999999,-0.021581839999999998,0.6593800000000001,1.73118,0.6113814,-1.17752,0.872654,0.363212,-0.20898,-0.9137040000000001,-0.39433399999999996,-0.51494,0.022159999999999985,0.50226,-0.16823000000000002,-0.456538,0.033846,0.41031399999999996,0.47727800000000004,-0.841002,-1.09264,0.15021800000000002,0.50931,1.46496,-0.8568,-0.257832,-0.51654,0.6843999999999999,-0.6619999999999999,-0.2796200000000001,0.33522799999999997,-0.11564000000000002,-1.93106,0.2801422,-1.6901,-1.49436,-0.241122,2.30696,-0.39932000000000006,0.17386000000000001,0.353552,-1.060656,0.48736,-1.05072,-2.0672800000000002,-0.5029,0.0797,0.2382302,-0.552366,-0.05267799999999999,-0.5199714,0.010995999999999992,1.0529,0.43142,0.63446,-0.28759999999999997,-1.09158,0.997823,-1.19516,1.103,-0.68814,0.352966,1.5101,-1.33054,-0.13475600000000001,0.656212,0.03703999999999999,-0.753948,-0.150762,0.346752,-1.7524600000000001,0.6661279999999999,0.71204,1.0835000000000001,-0.019939999999999958,0.18618,-0.67675,-1.28646,0.19140200000000002,-0.44292,0.33811,0.84314,-0.593886,1.00778,0.08692,0.08660000000000001,1.2963476,0.63348,1.33246,-0.199532,-0.20388099999999998,-0.33496000000000004,0.13539000000000004,-0.62136,-0.41435599999999995,1.071982,0.95224,0.422328,-0.52462,0.76244,-0.19080000000000003,0.46282199999999996,1.28276,-0.79756,0.7301825999999999,0.10424799999999998,-0.5731459999999999,-1.2994999999999999,-0.05626600000000001,0.292286,-0.02088000000000001,-0.194662,0.42587200000000003,0.302492,0.6238119999999999,0.007800000000000029,0.925144,-0.36445800000000006,1.46196,-0.37784799999999996,1.0971760000000002,0.36483999999999994,-0.541724,-0.5159199999999999,-0.22418190000000002,-0.7485360000000001,0.276824,-0.42581600000000003,0.924906,0.18809199999999998,0.93014,-0.679462,-0.723072,-0.15786,-0.03684600000000002,0.51876,-0.403204,1.02714,0.81148488,0.68378,0.91704,0.97666,0.908532,1.1282020000000001,-0.81316,-0.233156,0.50359,-1.37442,-1.1358,1.18302,-0.69523,-1.87852,-0.09087999999999996,0.78567,0.245788,0.800002,-0.23931199999999997,-1.00512,-1.3459,-1.00142,1.3219400000000001,-0.49194000000000004,-0.01876,0.275792,-0.716652,-0.535554,1.39444,-0.34605600000000003,-1.92036,-0.9586368000000001,-0.013340000000000019,0.8017799999999999,1.199677,-0.343198,0.6062960000000001,0.483744,0.78894,0.39348000000000005,-0.93574,1.1649800000000001,-0.3428,0.033923999999999996,-0.8640000000000001,-0.9024139999999999,-0.8353496,0.51112,0.21067999999999998,-0.8099,-0.93062,0.09684399999999999,0.35070999999999997,0.62236,-0.04543999999999998,-0.433022,0.229134,0.393656,0.23504399999999998,0.539968,0.8411099999999999,-1.47818,-0.666398,0.6080580000000001,-0.33162,0.09759999999999999,-0.044730400000000003,-1.15644,-0.74604,-0.9342199999999999,0.293774,-0.12176000000000003,0.26662,-0.411976,0.42575799999999997,-0.40077399999999996,0.977,0.636708,-0.52378,-0.823362,0.13406,0.19284,0.039178199999999996,-0.076282,-0.51516,-0.5913478,0.352992,0.901676,-0.6985899999999999,0.6673056,0.68686,0.80018,0.3629,0.9493400000000001,-0.34465999999999997,-0.2924,0.6576599999999999,-0.12932559999999999,0.84764,-0.40698,0.09338400000000002,-0.15785839999999998,-1.1228,-0.31558600000000003,-0.641196,0.369706,0.392012,-0.20414,0.03232799999999998,-0.183164,0.641806,0.65359,-1.3119,0.624
ro,super-smart,M,0.315666,-1.1486,-0.26880800000000005,0.0495257,0.91462,0.5922240000000001,-0.67136,0.321762,0.82142,0.70034,-0.392612,-0.744332,-0.9315,-0.38619400000000004,0.144514,0.255968,0.6061799999999999,0.186666,0.109826,-0.787406,0.87291,-0.9886199999999999,-0.73326,0.127074,1.0943399999999999,0.460334,-0.12374399999999999,0.029600000000000015,-1.08372,-1.4241000000000001,1.4307400000000001,0.781254,-0.046717999999999996,-0.06153,-0.73988,-0.85754,-0.436698,-1.56088,-1.24414,-0.60673,-0.857644,0.074912,-0.7015,-1.22796,-0.41899200000000003,-0.683708,0.009695999999999996,0.344352,1.1336,0.538246,0.52864,1.3137599999999998,0.6989614,-0.8265800000000001,1.2852800000000002,0.325152,-0.556628,-0.9212039999999999,0.142316,-0.12215999999999999,0.32747799999999994,0.37204400000000004,-0.31636600000000004,0.24257,-0.46791400000000005,0.2713,1.382818,-0.564622,-1.6674600000000002,0.109394,0.83283,0.7925599999999999,-0.19194,-0.06849999999999999,-0.83428,0.90672,-1.10494,-0.5035000000000001,0.50394,-0.31699200000000005,-1.61586,0.9017622,-1.17218,-1.13588,0.46778800000000004,2.2279,-0.935212,-0.028700000000000003,-0.06626000000000004,-1.214336,-0.44726,-1.03464,-1.59206,-1.0917999999999999,0.40573000000000004,0.107164,-0.681786,-0.345962,-0.3237514,0.17532799999999998,0.696674,-0.18667399999999998,0.15904,-0.30572,-1.6250200000000001,0.744663,-1.28686,1.52792,-1.03092,-0.313654,1.63192,-1.5021,0.266936,0.532852,-0.33006,-0.42904,0.19274000000000002,-0.50974,-1.014196,-0.103464,0.091554,0.76254,-0.27240000000000003,0.6688799999999999,-0.65267,-1.21978,0.68526,0.16116,0.87728,1.22604,-0.062836,0.08041999999999999,0.29808,0.14118000000000003,1.5242476,0.65518,1.96794,0.22824200000000003,0.08681600000000003,-0.24706000000000003,-0.75804,-0.8234,-1.1358,0.724702,1.09148,0.14973999999999998,-0.57858,0.490478,0.0489,0.94102,0.8846,-0.77954,1.1492399999999998,-0.021460000000000035,-0.185286,-0.92072,0.05869959999999999,0.0850284,-0.28267000000000003,0.342958,-0.21896800000000002,0.05589,1.487352,0.11470000000000002,0.507904,-0.675258,1.8273,0.136916,0.269836,0.5055,-0.75766,-1.44998,-0.133336,0.47556400000000004,0.178864,0.074146,1.35812,0.45299199999999995,1.02796,-1.2285599999999999,-0.43923200000000007,0.49418,0.844344,1.46596,-0.29093,0.67277,-0.01488212,0.7304999999999999,0.93652,1.51852,0.363512,1.1882620000000002,-0.557462,0.17796,0.79379,-1.1922,-0.9340200000000001,1.09086,-0.49277,-2.56354,-0.687508,0.64095,0.5437420000000001,0.230344,-0.218532,-1.72506,-1.39318,-1.07992,1.35812,0.10276000000000002,1.08506,0.11175199999999996,-0.07172880000000001,-0.315354,2.01336,-0.0012600000000000389,-1.06388,-0.9483568,9.400000000000519e-4,0.48665400000000003,0.865357,0.331982,-0.17310400000000004,0.302332,1.15206,-0.5139400000000001,-1.34934,1.08494,0.593464,1.0862500000000002,-0.93936,-1.1588319999999999,-1.16772,0.350622,0.4845,-0.50644,-0.8783000000000001,0.64478,-0.06158999999999999,0.358148,0.114672,-0.71328,0.549094,1.0926,-0.081296,0.41884800000000005,0.8547899999999999,-1.4005800000000002,-0.402598,1.31886,-0.517722,-0.11174,0.33029,-0.67578,-1.43776,-0.775776,-0.005659999999999998,-0.42605000000000004,0.7192799999999999,0.01857800000000001,0.696158,-0.394834,1.18772,0.797118,-0.59494,-0.546122,-0.14077,0.165562,0.45960599999999996,-0.53295,-1.11348,-0.5444078,0.48651199999999994,0.1470342,-0.061456,-0.21341439999999998,0.61098,0.84058,0.022719999999999962,0.772812,0.303838,-0.24624000000000001,0.16752,-0.5211936,0.540744,0.18654,0.22422399999999998,-0.07905599999999999,-0.8971,0.010058000000000011,-0.71534,0.81674,0.35809199999999997,-0.8806039999999999,-0.008430000000000007,0.204592,0.73294,0.62057,-1.28876,0.84782
ro,wedding,N,0.8994,0.7944,0.26028,0.3675,0.64082,0.71234,-0.131324,0.0654,-0.141508,0.64282,-0.29458,-0.35248,-0.71792,-0.91922,0.32882,0.67342,-0.188104,0.80764,0.34686,-0.21062,-0.6187,-0.120916,-0.2804,0.21654,0.96556,0.3909,-0.136302,-0.32028,-0.49576,1.0518,0.15183,0.57626,0.033566,0.7433,-0.3088,-0.20838,-0.162762,0.2555,0.163168,0.26992,0.36538,0.4388,-0.041354,0.89972,1.13944,0.4003,0.71434,0.62352,0.304,-0.9791,-0.112636,1.3555,0.151376,-0.17274,0.44612,-0.147796,-1.22952,-0.3978,0.053282,-0.64068,0.87394,0.63168,-0.40102,0.6373,-0.118516,0.27224,-0.3825,-1.0538,0.38662,-0.29812,-0.26888,0.43894,0.41424,1.34302,0.189042,0.29928,-0.077318,0.27434,-0.184416,-0.93458,-1.03346,0.83472,-0.029586,0.91632,-0.12665,-0.106064,0.20358,0.4039,-0.29552,-0.31796,0.30364,0.043124,-1.6024,-0.51488,-0.179028,-0.027694,-0.49844,-0.45098,0.7323,0.20414,-0.083462,0.38636,1.16066,-0.37672,0.3845,0.93328,-0.61678,0.92936,-0.6342,-0.082228,0.8467,-0.4625,0.8909,0.172944,-0.4055,-0.035734,-0.17292,0.09138,-0.99824,0.31016,-1.14896,-0.16634,-0.0043922,0.51674,-0.86104,-0.45164,-0.48192,-1.65398,0.69074,-0.04283,-0.096128,0.63846,-0.38676,-0.50072,0.47026,0.62254,0.72424,-0.45624,-0.65376,-0.83988,-0.026374,0.71496,-0.68176,0.64974,0.86322,0.49136,-0.0133498,1.12378,-0.50918,-1.02308,0.47508,0.28886,0.87538,-0.3088,-0.091252,-1.00476,0.15383,-0.087988,-0.51906,0.194446,0.106366,-0.4743,-0.3049,0.54548,0.163684,-1.67378,-0.8824,0.69378,0.26022,0.27986,-0.29772,0.12346,-0.63398,0.88032,-0.20084,-0.39432,-0.028054,-1.31358,0.44756,-0.38396,-0.2271,-0.82636,-0.48418,0.39408,-0.759,-0.91294,0.016413,0.48908,0.20888,-0.76184,0.47824,1.24738,0.0096632,-0.485,0.178542,-1.06852,0.60522,0.6059,-0.4027,-0.68954,-1.5324,0.57892,-0.23486,-0.47232,-0.328,-1.11518,-0.46672,-0.31022,0.28242,-0.51932,-0.35044,0.5114,-0.45142,-0.28358,0.33836,0.23934,0.169682,0.0026194,0.58826,0.75438,-0.4229,0.120416,0.21596,0.91014,-0.28254,0.094294,0.58714,0.63088,-1.42806,0.3489,-1.0563,-0.29916,1.21038,0.21938,-0.55826,-0.30246,-0.36114,-0.37084,-1.3544,0.66424,-0.158194,0.4487,0.74382,-0.23894,0.127506,0.35862,0.22028,0.565,0.39884,-0.27526,0.050594,-0.46074,0.51452,0.48476,0.128014,0.09551,-0.82936,1.41814,-0.17965,0.23634,-0.126596,-0.50516,0.29718,-0.53302,-0.021652,0.30736,-0.157082,-0.55014,-1.36146,-0.76912,0.33676,-0.103282,0.79794,0.068976,-0.50996,0.085684,0.66858,0.61852,0.8484,-0.17818,-0.68042,-0.50412,0.70116,0.154976,-0.018034,-0.45406,0.47042,-0.71154,-0.9408,-0.27872,-0.36848,-1.02172,-0.05339,-0.24974,0.074642,0.63752,0.46518,-0.31062,-0.10762,-0.61418
ro,woman,N,0.2898,-0.024188,-0.0152924,0.57818,0.36072,0.74076,-0.80734,-0.03412,0.30514,-0.4218,-0.036248,0.43428,-0.017542,-0.45136,0.95288,0.33544,0.55342,-0.043946,0.35212,-1.02448,-0.29552,0.21942,-0.36248,0.38624000000000003,0.25952,-0.24756,0.91866,-0.48842,-0.101234,0.32888,-0.79258,-0.3194,0.60768,0.05465,-0.85744,-0.33732,-0.5926,-0.83722,-0.4368,-0.112532,-0.34376,-0.69316,-0.123702,0.79364,-0.080282,-0.48036,0.27452,0.184168,0.27866,-0.29758,0.43018,0.64226,-0.27696,0.24578,-0.3097,-0.21062,0.105668,-0.54484,0.69326,-0.35358,-0.174306,0.028758,-1.03026,-0.67118,-0.20214,-0.53254,-0.154488,-0.84488,-0.3302,0.138988,-0.20338,0.010577,0.10107,0.33814,-0.3089,0.84874,-0.88738,0.006414,0.117722,-0.58198,-0.78198,0.40286,-0.22774,0.41408,0.071116,0.67338,0.08102,0.54796,-0.59774,0.24424,0.107462,-0.4228,-1.2767,-0.090264,0.29166,-0.039418,-0.64128,-0.60676,-0.2374,-0.42124,0.104646,0.093134,0.48284,-0.53206,-0.24056,-0.2802,0.51468,-0.0038642,-0.023374,0.28192,0.63446,-0.25964,-0.21628,-0.22634,-0.54592,-0.6357,-0.4066,0.93308,-1.00146,-0.38994,-0.9164,-0.08242,-0.17168,0.94938,0.35968,-0.21036,0.107328,-0.49738,0.61824,0.113952,-0.042426,0.83068,-0.55308,-0.4637,-0.196868,-0.30202,0.2384,0.20886,-0.69664,-0.69714,0.30964,0.39096,0.6452,1.50242,1.39996,0.106954,0.3108,-0.028214,-0.21664,-0.2479,0.65404,-0.78798,0.34214,-0.25244,0.21712,-0.70994,0.34434,-0.036302,-0.7464,-0.55374,0.039644,0.9744,-0.4408,-0.20306,0.48976,-0.05895,-0.3369,-0.63346,-0.054282,0.40332,-0.48502,0.104338,0.076994,-0.116412,0.26052,-1.06508,0.56194,-0.50592,0.075286,0.30412,0.22408,-0.07046,0.68324,-0.39314,-0.36624,0.78226,0.32988,0.45806,-1.03414,-0.30954,0.47626,0.40478,-0.116378,-1.01816,0.51054,-1.45548,0.183886,0.150032,0.088712,-0.85966,-0.173386,0.21308,-0.51986,0.86718,0.57652,-0.22682,-0.02434,0.025042,-0.37524,-0.61872,0.40032,0.4877,-0.40986,-0.98714,0.48134,-0.198366,-0.20212,-0.03856,-0.155588,1.1002,0.624,-0.31192,0.46262,0.75374,-0.4077,0.72322,0.173238,0.6524,-0.70628,-0.74054,-0.61032,-0.47698,0.153136,0.143168,-0.63802,-0.5273,-0.091712,-0.6354,0.14018,0.72842,-0.24194,0.23776,0.058226,-0.26784,0.0185144,0.32428,0.3987,-1.52822,0.51394,0.31206,-0.33232,0.046304,0.2219,-0.70674,-0.2584,0.035362,-0.160666,0.25624,0.22122,-0.082322,1.13574,-0.182394,0.38302,0.003081,0.22292,0.23444,0.143018,0.2954,-0.26496,-0.48034,0.37398,-0.75226,-0.39524,0.96658,-0.4319,0.29272,-0.06359,0.39902,0.7796,1.40558,0.087418,-0.08305,1.03188,-0.70228,-0.2172,-0.31048,-0.067436,-0.30466,-0.033258,0.167712,1.20922,-0.96554,-0.021294,-0.092008,0.26262,-0.130934,-0.129308,-0.33388,0.11302,-0.184208
