translation,language_code,word,gender,word_id,translation_id,V2,V3,V4,V5,V6,V7,V8,V9,V10,V11,V12,V13,V14,V15,V16,V17,V18,V19,V20,V21,V22,V23,V24,V25,V26,V27,V28,V29,V30,V31,V32,V33,V34,V35,V36,V37,V38,V39,V40,V41,V42,V43,V44,V45,V46,V47,V48,V49,V50,V51,V52,V53,V54,V55,V56,V57,V58,V59,V60,V61,V62,V63,V64,V65,V66,V67,V68,V69,V70,V71,V72,V73,V74,V75,V76,V77,V78,V79,V80,V81,V82,V83,V84,V85,V86,V87,V88,V89,V90,V91,V92,V93,V94,V95,V96,V97,V98,V99,V100,V101,V102,V103,V104,V105,V106,V107,V108,V109,V110,V111,V112,V113,V114,V115,V116,V117,V118,V119,V120,V121,V122,V123,V124,V125,V126,V127,V128,V129,V130,V131,V132,V133,V134,V135,V136,V137,V138,V139,V140,V141,V142,V143,V144,V145,V146,V147,V148,V149,V150,V151,V152,V153,V154,V155,V156,V157,V158,V159,V160,V161,V162,V163,V164,V165,V166,V167,V168,V169,V170,V171,V172,V173,V174,V175,V176,V177,V178,V179,V180,V181,V182,V183,V184,V185,V186,V187,V188,V189,V190,V191,V192,V193,V194,V195,V196,V197,V198,V199,V200,V201,V202,V203,V204,V205,V206,V207,V208,V209,V210,V211,V212,V213,V214,V215,V216,V217,V218,V219,V220,V221,V222,V223,V224,V225,V226,V227,V228,V229,V230,V231,V232,V233,V234,V235,V236,V237,V238,V239,V240,V241,V242,V243,V244,V245,V246,V247,V248,V249,V250,V251,V252,V253,V254,V255,V256,V257,V258,V259,V260,V261,V262,V263,V264,V265,V266,V267,V268,V269,V270,V271,V272,V273,V274,V275,V276,V277,V278,V279,V280,V281,V282,V283,V284,V285,V286,V287,V288,V289,V290,V291,V292,V293,V294,V295,V296,V297,V298,V299,V300,V301
"	
женский",ru,female,N,w1,t2,NA,NA,NA,NA,NA,NA,NA,NA,NA,NA,NA,NA,NA,NA,NA,NA,NA,NA,NA,NA,NA,NA,NA,NA,NA,NA,NA,NA,NA,NA,NA,NA,NA,NA,NA,NA,NA,NA,NA,NA,NA,NA,NA,NA,NA,NA,NA,NA,NA,NA,NA,NA,NA,NA,NA,NA,NA,NA,NA,NA,NA,NA,NA,NA,NA,NA,NA,NA,NA,NA,NA,NA,NA,NA,NA,NA,NA,NA,NA,NA,NA,NA,NA,NA,NA,NA,NA,NA,NA,NA,NA,NA,NA,NA,NA,NA,NA,NA,NA,NA,NA,NA,NA,NA,NA,NA,NA,NA,NA,NA,NA,NA,NA,NA,NA,NA,NA,NA,NA,NA,NA,NA,NA,NA,NA,NA,NA,NA,NA,NA,NA,NA,NA,NA,NA,NA,NA,NA,NA,NA,NA,NA,NA,NA,NA,NA,NA,NA,NA,NA,NA,NA,NA,NA,NA,NA,NA,NA,NA,NA,NA,NA,NA,NA,NA,NA,NA,NA,NA,NA,NA,NA,NA,NA,NA,NA,NA,NA,NA,NA,NA,NA,NA,NA,NA,NA,NA,NA,NA,NA,NA,NA,NA,NA,NA,NA,NA,NA,NA,NA,NA,NA,NA,NA,NA,NA,NA,NA,NA,NA,NA,NA,NA,NA,NA,NA,NA,NA,NA,NA,NA,NA,NA,NA,NA,NA,NA,NA,NA,NA,NA,NA,NA,NA,NA,NA,NA,NA,NA,NA,NA,NA,NA,NA,NA,NA,NA,NA,NA,NA,NA,NA,NA,NA,NA,NA,NA,NA,NA,NA,NA,NA,NA,NA,NA,NA,NA,NA,NA,NA,NA,NA,NA,NA,NA,NA,NA,NA,NA,NA,NA,NA,NA,NA,NA,NA,NA,NA,NA,NA,NA,NA,NA,NA,NA,NA,NA,NA,NA,NA
eë,ru,hers,N,w1,t2,NA,NA,NA,NA,NA,NA,NA,NA,NA,NA,NA,NA,NA,NA,NA,NA,NA,NA,NA,NA,NA,NA,NA,NA,NA,NA,NA,NA,NA,NA,NA,NA,NA,NA,NA,NA,NA,NA,NA,NA,NA,NA,NA,NA,NA,NA,NA,NA,NA,NA,NA,NA,NA,NA,NA,NA,NA,NA,NA,NA,NA,NA,NA,NA,NA,NA,NA,NA,NA,NA,NA,NA,NA,NA,NA,NA,NA,NA,NA,NA,NA,NA,NA,NA,NA,NA,NA,NA,NA,NA,NA,NA,NA,NA,NA,NA,NA,NA,NA,NA,NA,NA,NA,NA,NA,NA,NA,NA,NA,NA,NA,NA,NA,NA,NA,NA,NA,NA,NA,NA,NA,NA,NA,NA,NA,NA,NA,NA,NA,NA,NA,NA,NA,NA,NA,NA,NA,NA,NA,NA,NA,NA,NA,NA,NA,NA,NA,NA,NA,NA,NA,NA,NA,NA,NA,NA,NA,NA,NA,NA,NA,NA,NA,NA,NA,NA,NA,NA,NA,NA,NA,NA,NA,NA,NA,NA,NA,NA,NA,NA,NA,NA,NA,NA,NA,NA,NA,NA,NA,NA,NA,NA,NA,NA,NA,NA,NA,NA,NA,NA,NA,NA,NA,NA,NA,NA,NA,NA,NA,NA,NA,NA,NA,NA,NA,NA,NA,NA,NA,NA,NA,NA,NA,NA,NA,NA,NA,NA,NA,NA,NA,NA,NA,NA,NA,NA,NA,NA,NA,NA,NA,NA,NA,NA,NA,NA,NA,NA,NA,NA,NA,NA,NA,NA,NA,NA,NA,NA,NA,NA,NA,NA,NA,NA,NA,NA,NA,NA,NA,NA,NA,NA,NA,NA,NA,NA,NA,NA,NA,NA,NA,NA,NA,NA,NA,NA,NA,NA,NA,NA,NA,NA,NA,NA,NA,NA,NA,NA,NA,NA
бизнес,ru,business,N,w1,t1,0.13082,0.0654,0.44994,0.053134,0.39974,-0.46438,0.039498,0.094955,0.066745,-0.04006,-0.074187,0.32783,0.32677,0.066911,0.10178,-0.59959,0.076815,0.19005,0.55916,0.53014,-0.095557,0.15203,-0.61311,0.085779,-2.7517e-4,-0.27148,-0.24712,0.043262,0.30042,-0.20025,-0.31294,0.30463,0.26402,-0.48684,0.24735,-0.13481,0.11444,0.29398,0.22997,-0.12861,0.13304,0.28726,-0.23532,-0.11429,0.12291,-0.14666,0.37574,-0.13396,-0.12949,-0.16496,0.20013,0.18614,-0.24375,0.35033,0.54305,0.14514,-0.095897,-0.15703,0.33641,-0.35643,0.024303,-0.36845,0.02058,0.34936,-0.21912,0.028865,0.24174,-0.12329,0.16319,0.22467,0.25625,0.070175,-0.21484,-0.083214,-0.1206,-0.18231,-0.036394,0.090023,0.1797,0.1439,0.60033,0.20336,0.029923,0.61796,-0.098651,-0.0079413,-0.099311,0.39727,0.33819,-0.0047063,-0.20103,-0.23001,0.33026,0.33515,0.099496,-0.23395,-0.19141,0.21157,0.36276,-0.78269,0.1708,-0.15863,0.070939,0.096379,0.20051,-0.11333,0.15235,-0.47356,0.069343,0.1058,0.60936,-0.031429,0.34836,0.35453,-0.1107,-0.26921,-0.31665,0.51353,-0.36819,-0.043129,-0.033495,-0.26641,-0.18167,-0.1613,0.23596,0.029042,-0.12285,-0.027344,-0.10095,0.020285,0.57103,0.098008,-0.31889,0.10495,0.39738,0.3488,-0.06403,-0.31671,0.24646,0.37309,-0.52342,-0.20924,0.42236,-0.18751,0.10213,-0.5511,-0.12437,0.38218,-0.3339,-0.11187,-0.24532,-0.28491,-0.10214,0.52916,-0.18333,0.1752,-0.35968,-0.38848,-0.17426,0.1499,0.0098933,0.053371,0.35667,-0.02238,-0.43003,0.31451,-0.033368,-0.048451,0.20973,0.24976,0.051328,-0.22929,0.15566,-0.4466,0.088283,-0.28392,0.16074,0.22335,-0.081053,-0.11271,-0.4159,-0.10538,-0.058119,-0.091604,-0.19293,-0.19549,-0.25201,-0.14994,-0.075971,0.096406,-0.22032,0.05339,0.16177,-0.032151,-0.011955,-0.21025,-0.25329,0.039667,-0.1454,0.1881,0.42045,0.53107,0.059591,0.031841,-0.043129,-0.14925,0.40539,0.38486,0.23837,0.30742,0.36172,-0.39679,-0.073901,-0.45141,-0.091313,-0.061398,0.15214,-0.13254,0.03139,0.1528,-0.33353,-0.2895,0.13299,0.29032,-0.10535,0.31815,0.069795,0.39382,-0.087639,0.053943,-0.40857,0.49527,0.42912,-0.24848,0.0061483,-0.11493,0.011254,-0.12256,0.17128,0.10872,-0.12205,-0.20646,-0.087194,0.3373,0.57215,-0.19578,0.43582,0.0749,0.40599,0.27903,0.21057,-0.25973,0.084003,0.07112,-0.11643,-0.026838,-0.46513,-0.072373,-0.59292,-0.13106,-0.32313,-0.2393,-0.40417,0.16235,-0.23358,-0.25076,-0.034363,-0.45304,-0.005585,-0.24836,0.1352,0.25188,0.24795,-0.2378,-0.47165,-0.082413,-0.32734,0.4599,0.030168,-0.10281,0.13379,0.12081,0.24844,0.18433,0.37874,-0.033478,-0.18104,-0.10788,-0.30095,0.10848,0.097281,0.20884,-0.10063,0.16458,0.32649,-0.06306,-0.020015,-0.13025,-0.18503,-0.48599
блестящая,ru,brilliant,N,w1,t1,0.040682,0.18296,-0.35167,0.11787,0.16299,-0.63225,0.23308,0.12864,-0.094082,0.074429,0.21022,0.45524,-0.61535,-0.022927,0.33391,0.036308,-0.16951,-0.43672,0.33908,0.32026,0.18933,0.12926,-0.015223,-0.19518,0.52779,-0.29353,-0.25091,-0.57247,-0.39347,-0.061734,-0.28026,0.2159,-0.21289,-0.019842,-0.17371,-0.036992,0.22939,0.25505,-0.022973,-0.50513,-0.57683,-0.023546,0.092952,0.23767,-0.3492,-0.049064,0.31263,-0.25896,-0.26629,0.0090572,-0.05125,-0.49852,0.44455,0.036658,0.22833,0.47814,-0.36224,-0.15444,0.11146,0.40858,0.2935,0.27793,-0.13098,0.64236,-0.2525,0.43709,0.32174,0.088365,0.27653,-0.40584,-0.069187,0.26717,-0.19986,-0.071204,-0.38245,0.16872,0.11388,0.29313,0.094572,-0.24661,-0.2411,-0.27374,0.060677,-0.027926,-0.10693,-0.27497,0.24445,0.16888,-0.054223,-0.0057302,-0.54157,-0.25211,-0.078308,0.033205,-0.015537,-0.29481,-0.42813,0.1404,0.2426,-0.16308,0.008273,-0.062022,-0.012706,-0.27894,0.20464,-0.83544,-0.36275,-0.39853,-0.12156,0.12981,0.32852,-0.012075,-0.6367,0.40662,0.1577,0.32326,0.63213,-0.1842,-0.526,-0.37582,-0.32183,0.56169,-0.077706,0.018612,0.10818,0.14385,-0.17361,-0.28292,0.072321,0.17309,-0.028805,0.46076,-0.37561,-0.40377999999999997,-0.043871,-0.25337,-0.014496,-0.61424,0.27262,-0.32393,-0.075404,-0.28419,0.0050397,0.23013,-0.21626,0.178,-0.15229,0.4743,-0.36375,-0.16466,0.071805,-0.46042,0.39338,0.10734,-0.47582,-0.086819,0.15842,0.031947,0.17109,-0.06429,0.22646,0.41789,0.033677,-0.16237,0.048042,0.18669,0.38283,0.040758,0.020586,-0.069841,-0.51901,0.0243,0.15214,-0.089095,0.034957,0.07027,0.011897,-0.15471,0.19613,0.33615,0.20511,0.023412,-0.23729,-0.49712,-0.052533,0.24793,0.028355000000000002,0.21363,0.33337,0.011817,0.0063016,-0.39881,0.081732,-0.084812,0.18969,-0.33006,-0.57547,-0.23836,-0.49172,-0.019228,-0.33609,-0.020533,-0.27296,-0.054257,0.129,0.63846,-8.5055e-4,0.21566,-0.022136,-0.2522,-0.42803,-0.1341,-1.0183,0.32845,0.030172,-0.22703,-0.55555,-0.10724,0.6518,-0.18583,-0.039906,-0.032193,-0.14038,-0.25239,-0.1409,0.3851,0.24313,0.36795,-0.28489,-0.26352,-0.34207,0.27386,0.55113,0.48624,0.1055,-0.034258,-0.19027,-0.15258,0.38514,0.098593,-0.2942,0.60894,0.064464,-0.1579,0.1663,-0.45357,0.41319,0.18699,0.026882,0.052691,0.16488,-0.19203,-0.01588,0.12231,-0.35552,0.50948,0.16409,-0.16006,-0.013571,0.051583,-0.63154,0.066285,-0.35113,0.45757,-0.096912,0.11069,-0.20828,0.42504,0.04026,-0.074979,0.31778,0.11089,-0.19313,0.10585,-0.049658,0.023977,0.38161,0.19958,-0.54489,-0.36047,0.21153,-0.19167,-0.28487,0.26366,0.30277,0.36722,-0.06498,-0.27986,0.17146,-0.075692,0.52907,0.42247,-0.19079,0.027655,0.34099,-0.15261,0.37933,-0.026489,-0.072802,0.054077
блестящий,ru,brilliant,N,w1,t1,-0.23028,0.17798,-0.11836,0.14751,0.18503,-0.33199,0.38232,-0.032053,-0.2926,-0.072977,0.32434,0.56831,-0.41211,0.18446,0.16258,-0.34253,0.078309,-0.028714,0.27877999999999997,0.24356,0.23858,0.022837,-0.037202,-0.012037,0.060668,0.30321,0.1087,-0.33918,-0.56557,0.29705,0.37408,0.5481,0.054216,-0.244,-0.10182,-0.187,0.0024822,-0.24648,-0.24149,-0.52152,-0.19021,0.26423,-0.091714,0.3119,-0.18626,-0.3756,0.086667,-0.20411,0.10158,0.16084,0.14125,-0.47407,0.21337,0.029543,0.022834,0.16687,-0.18788,-0.33317,0.21447,0.64524,0.21977,-0.032537,0.12334,0.59034,-0.19881,0.43367,0.25297,-0.037326,0.34462,-0.5648,0.56236,0.28436,-0.26395,0.012195,-0.49526,-0.34773,0.26727,0.32074,-0.023842,0.15493,-0.22823,-0.034072,0.30268,0.35343,0.097017,0.07703,0.14919,0.26502,-0.074301,-0.056674,-0.21534,-0.10234,-0.11757,0.52179,-0.16327,-0.21364,-0.31323,0.34708,0.0024659,-0.11869,-0.05552,0.19257,-0.051867,-0.060271,0.29838,-0.60056,-0.43202,-0.27801,-0.11987,0.45563,0.31461,0.068736,-0.40766,0.37442,0.23265,0.43124,0.25237,-0.16385,-0.43149,-0.3511,-0.31896,0.652,-0.022684,0.068056,-0.16296,-0.074571,-0.0022412,-0.32078,0.065171,-0.095754,0.087606,-0.086202,-0.78305,-0.11091,0.25943,0.05524,-0.24067,-0.066252,0.12112,-0.4809,-0.13954,0.024474,-0.22617,0.28781,-0.20184,-0.10239,-0.071608,0.061231,-0.44893,-0.26474,0.20245,-0.054265,0.28655,-0.4073,-0.297,-0.088439,-0.031328,-0.1366,0.073618,0.02071,0.061994,0.34836,0.16615,0.42336,0.16946,-0.019509,0.19058,-0.19202,-0.040911,0.026828,-0.53437,-0.27431,-0.62155,0.16996,0.23024,0.23897,0.21789,-0.40073,0.18959,0.21833,0.14805,-0.19272,-0.20832,-0.38312,-0.24717,0.13016,0.18427,0.13006,-0.10878,-0.08652,0.31592,-0.55738,-0.010764,-0.19059,0.013519,-0.45943,-0.53262,-0.14274,-0.36277,-0.33465,-0.27373,0.078662,-0.22272,-0.046392,0.21744,0.56719,-0.19821,-0.32373,0.053368,-0.07302,-0.11944,-0.19005,-0.56855,0.41716,0.17241,-0.1373,-0.0012522,0.01873,0.47325,-0.13273,-0.23167,-0.34816,-0.34333,-0.25325,-0.0047522,0.52785,0.03579,0.23043,-0.18954,0.039402,-0.13173,0.45002,0.14878,0.18467,-0.2102,-0.40076,0.15163,-0.19194,0.028885,0.35338,-0.16392,0.37023,-0.12737,-0.2352,0.22056,0.20588,0.21302,-0.048352,0.038779,0.17242,-0.042376,-0.47011,0.16576,0.1661,-0.51713,0.12103,-0.065508,0.1963,-0.2833,0.28492,-0.20234,-0.21714,-0.37879,0.65025,-0.34051,-0.077607,-0.14078,0.049435,-0.17535,-0.18377,-0.0043765,0.24965,-0.17887,-0.10458,0.1087,0.24305,0.36843,0.2136,-0.31937,-0.14751,-0.28608,0.042787,0.15043,0.19463,9.1441e-4,0.3283,0.15448,0.030583,0.044489,-0.56482,0.59784,0.35541,-0.12274,-0.41162,0.0094916,-0.068881,0.3678,-0.14817,0.14752,-0.10662
брак,ru,marriage,N,w1,t1,0.11752,-0.059402,-0.17703,0.23991,0.21494,0.20869,0.011486,-0.58853,0.13996,-0.24217,0.35582,0.13926,0.21015,-0.029208,-0.43187,-0.2653,-0.60142,0.33535,0.047968,0.16826,0.16824,0.18402,0.14661,0.42033,3.9136e-4,0.096095,0.37626,-0.16486,-0.41405,-0.18319,-0.42237,0.13739,0.09356,-0.081264,0.22308,0.078114,0.40722,-0.41361,-0.087094,0.21955,0.47846,0.18278,-0.46131,-0.10081,0.16563,-0.092788,-0.034854,-0.61426,0.10969,-0.25359,0.0054636,0.24446,-0.42264,0.13369,0.17758,0.011959,-0.055832,-0.56328,0.20622,0.33568,0.33317,0.014417,-0.56526,0.44934,0.12318,0.28963,0.51986,0.040144,-0.2292,-0.30939,0.061557,-0.050859,-0.36648,0.36774,0.024231,-0.33315,-0.27159,0.18042,0.76008,0.026341,-0.25057,0.41927,-0.3754,-0.25285,0.18466,0.034951,0.67124,0.66232,0.15025,0.27767,-0.04794,-0.10761,0.48202,0.27721,-0.025098,0.026814,0.59738,0.21274,0.13993,-0.58766,0.36843,0.018487,0.18306,-0.52305,0.014515,-0.71079,-0.071552,-0.044262,0.13763,0.12192,-0.033646,-0.32726,0.061889,-0.073761,0.072785,0.06387,0.11533,0.016808,-0.05818,-0.80707,0.40304,-0.0262,0.074217,0.17249,0.16766,-0.53165,-0.066639,-0.080724,0.43242,0.010812,0.26297,-0.2266,0.0086351,-0.24849,0.12363,-0.15736,0.25491,-0.39664,-0.045494,0.29841,-0.2317,-0.19011,-0.48045,0.22983,-0.4423,0.19804,-0.13329,0.23356,0.75919,-0.35675,-0.12576,-0.17707,0.16775,-0.026685,-0.20688,0.38852,-0.19458,-0.33673,0.19364,0.51134,-0.13954,0.10362,0.26216,-0.1345,-0.5458,0.066556,0.14502,-1.0536,-0.19763,-0.46802,-0.48819,-0.58877,0.13923,-0.28689,0.24863,-0.086689,0.17544,0.15253,0.010582,0.2334,0.43678,-0.39264,0.20145,-0.19782,-0.19934,-0.18649,0.091728,0.059189,0.11159,-0.038593,0.17031,-0.30361,0.17144,-0.033717,-0.15877,-0.18072,0.079595,-0.6915,-0.19456,0.19309,0.11477,0.25812,-0.30504,0.46758,-0.10163,-0.18644,-0.18215,-0.29319,0.55702,0.08994,-0.30271,-0.63997,0.4812,-0.061196,-0.12153,0.086388,-0.69621,-0.44389,-0.36139,0.061866,4.0066e-4,-0.047005,-0.0029671,-0.086222,-0.070547,0.058309,-0.031306,0.5588,0.55152,0.26726,-0.6201,0.25932,0.36732,0.49567,-0.21605,-0.3208,0.2115,0.21651,0.17795,0.34532,-0.34406,0.053084,-0.20032,0.046103,0.087661,0.042369,-0.081674,0.11166,0.16091,-0.054783,-0.26925,-0.13272,-0.035303,0.059576,0.13641,-0.24544,-0.3506,-0.18432,-0.010554,0.3554,-0.25548,0.13808,-0.11831,0.49827,0.29402,0.13626,-0.43965,-0.4882,0.043826,0.44855,-0.41942,-0.075131,0.602,-0.0084866,-0.45321,-0.36559,0.31266,0.19093,0.010085,-0.25546,-0.0031041,0.30114,-0.22372,0.13256,0.31171,0.36686,-0.3837,-0.64379,-0.11876,0.054229,-0.4292,0.028882,-0.45716,-0.018208,0.52198,0.065499,-0.056579,-0.16737,0.049077,0.34438
брат,ru,cousins,M,w2,t1,0.41298,0.14165,0.19878,-0.22406,0.0067816,-0.079227,-0.33849,-0.36103,-0.012817,-0.029887,-0.034598,0.12287,-0.11677,0.023382,0.19866,0.37486,-0.61615,0.27933,0.12007,-0.15459,-0.0042046,0.30464,-0.19168,0.41736,-0.20373,-0.13851,-0.30096,-0.23304,-0.18285,-0.063049,0.25128,0.15748,-0.30863,-0.070977,0.29951,0.24466,-0.063933,-0.39257,0.079574,0.16814,0.18843,-0.35907,-0.57382,-0.42347,-0.33798,-0.10243,0.25665,-0.029214,-0.092394,-0.4406,-0.045678,0.11956,-0.97332,0.26207,0.23028,0.013592,-0.073918,-0.056741,-0.29397,0.43661,0.3376,0.040891,-0.022859,0.48447,0.053563,-0.30684,-0.02512,0.24808,-0.20467,0.049877,0.68812,-0.18381,0.02192,0.099139,-0.081412,-0.11302,-0.36994,-0.1447,0.28815,0.24422,0.22161,-0.37071,-0.33221,-0.16352,0.22801,-0.39184,0.72334,0.45142,0.15767,0.1559,-0.25736,-0.1403,0.079081,0.19452,-0.21003,-0.23502,-0.25967,0.17351,0.063693,-0.073395,0.19131,-0.16381,-0.002054,-0.63358,0.24647,0.11016,-0.27947,-0.2425,-0.17406,0.58895,-0.373,-0.1602,0.059819,-0.065501,0.19115,0.46798,0.6838,-0.17531,-0.052431,-0.11176,-0.24085,0.019342,0.0033553,0.21585,0.2352,-0.15654,0.052535,0.45103,0.38443,-0.046133,0.22232,-0.20719,-0.09066,0.1286,0.22499,0.26408,0.19849,0.15217,0.19771,-0.21399,0.18589,-0.40212,-0.08521,-0.14513,0.026529,-0.34816,0.054629,0.45266,-0.265,-0.07142,0.22056,0.15542,0.24688,-0.35118,0.26062,0.092013,-0.069421,0.31169,0.21169,-0.13624,0.22019,0.077903,0.080618,0.041397,-0.28895,-0.10909,-0.19613,-0.12677,0.14572,-0.036558,-0.36134,-0.28092,-0.23624,-0.27407,0.11705,0.609,0.24671,-0.030561,0.27988,0.45305,0.12189,-0.69785,-0.49514,-0.2001,-0.03548,-0.34866,0.57419,-0.23427,0.11616,-0.16043,0.39722,-0.29984,0.17481,-0.19585,-0.25097,-0.42155,0.27621,-0.53417,-0.074726,-0.13694,0.035492,0.15422,0.49425,0.037453,0.29953,-0.077377,0.11274,-0.063517,0.10554,0.1441,0.1147,-0.11454,-0.41916,0.096958,-0.51937,0.10862,-0.27366,-0.008088,-0.1364,-0.075683,-0.36625,0.065882,0.30613,0.17939,0.088479,0.25461,-0.26617,0.05935,0.46145,-0.32679,-0.068393,0.24833,0.36275,0.29342,-0.19335,-0.4726,0.23162,0.5112,0.031394,-0.042909,-0.24201,0.20869,-0.57197,-0.081085,-0.088094,-0.12428,-0.17865,0.24493,0.079912,-0.092985,0.44931,-0.15542,-0.54813,0.15702,-0.24016,0.064481,-0.10467,0.029335,-0.21465,0.23146,-0.14049,-0.13934,-0.21541,0.294,-0.46296,0.52085,-0.47029,-0.3875,0.30704,0.41998,-0.23655,0.58464,-0.15936,-0.47935,-0.49656,-0.16102,0.33441,0.3242,0.34918,0.14236,-0.21698,0.078169,-0.19078,0.1373,-0.38059,0.35067,-0.3031,0.024768,-0.060844,-0.143,0.22544,0.096384,-0.013061,0.068496,0.54392,0.33598,0.27194,0.060541,-0.19674,0.018004
брат,ru,brother,N,w1,t1,0.41298,0.14165,0.19878,-0.22406,0.0067816,-0.079227,-0.33849,-0.36103,-0.012817,-0.029887,-0.034598,0.12287,-0.11677,0.023382,0.19866,0.37486,-0.61615,0.27933,0.12007,-0.15459,-0.0042046,0.30464,-0.19168,0.41736,-0.20373,-0.13851,-0.30096,-0.23304,-0.18285,-0.063049,0.25128,0.15748,-0.30863,-0.070977,0.29951,0.24466,-0.063933,-0.39257,0.079574,0.16814,0.18843,-0.35907,-0.57382,-0.42347,-0.33798,-0.10243,0.25665,-0.029214,-0.092394,-0.4406,-0.045678,0.11956,-0.97332,0.26207,0.23028,0.013592,-0.073918,-0.056741,-0.29397,0.43661,0.3376,0.040891,-0.022859,0.48447,0.053563,-0.30684,-0.02512,0.24808,-0.20467,0.049877,0.68812,-0.18381,0.02192,0.099139,-0.081412,-0.11302,-0.36994,-0.1447,0.28815,0.24422,0.22161,-0.37071,-0.33221,-0.16352,0.22801,-0.39184,0.72334,0.45142,0.15767,0.1559,-0.25736,-0.1403,0.079081,0.19452,-0.21003,-0.23502,-0.25967,0.17351,0.063693,-0.073395,0.19131,-0.16381,-0.002054,-0.63358,0.24647,0.11016,-0.27947,-0.2425,-0.17406,0.58895,-0.373,-0.1602,0.059819,-0.065501,0.19115,0.46798,0.6838,-0.17531,-0.052431,-0.11176,-0.24085,0.019342,0.0033553,0.21585,0.2352,-0.15654,0.052535,0.45103,0.38443,-0.046133,0.22232,-0.20719,-0.09066,0.1286,0.22499,0.26408,0.19849,0.15217,0.19771,-0.21399,0.18589,-0.40212,-0.08521,-0.14513,0.026529,-0.34816,0.054629,0.45266,-0.265,-0.07142,0.22056,0.15542,0.24688,-0.35118,0.26062,0.092013,-0.069421,0.31169,0.21169,-0.13624,0.22019,0.077903,0.080618,0.041397,-0.28895,-0.10909,-0.19613,-0.12677,0.14572,-0.036558,-0.36134,-0.28092,-0.23624,-0.27407,0.11705,0.609,0.24671,-0.030561,0.27988,0.45305,0.12189,-0.69785,-0.49514,-0.2001,-0.03548,-0.34866,0.57419,-0.23427,0.11616,-0.16043,0.39722,-0.29984,0.17481,-0.19585,-0.25097,-0.42155,0.27621,-0.53417,-0.074726,-0.13694,0.035492,0.15422,0.49425,0.037453,0.29953,-0.077377,0.11274,-0.063517,0.10554,0.1441,0.1147,-0.11454,-0.41916,0.096958,-0.51937,0.10862,-0.27366,-0.008088,-0.1364,-0.075683,-0.36625,0.065882,0.30613,0.17939,0.088479,0.25461,-0.26617,0.05935,0.46145,-0.32679,-0.068393,0.24833,0.36275,0.29342,-0.19335,-0.4726,0.23162,0.5112,0.031394,-0.042909,-0.24201,0.20869,-0.57197,-0.081085,-0.088094,-0.12428,-0.17865,0.24493,0.079912,-0.092985,0.44931,-0.15542,-0.54813,0.15702,-0.24016,0.064481,-0.10467,0.029335,-0.21465,0.23146,-0.14049,-0.13934,-0.21541,0.294,-0.46296,0.52085,-0.47029,-0.3875,0.30704,0.41998,-0.23655,0.58464,-0.15936,-0.47935,-0.49656,-0.16102,0.33441,0.3242,0.34918,0.14236,-0.21698,0.078169,-0.19078,0.1373,-0.38059,0.35067,-0.3031,0.024768,-0.060844,-0.143,0.22544,0.096384,-0.013061,0.068496,0.54392,0.33598,0.27194,0.060541,-0.19674,0.018004
братья,ru,cousins,M,w2,t2,0.20731,0.21772,0.051803,-0.042174,-0.20118,-0.23026,-0.27194,0.17063,-0.085702,-0.23316,-0.086663,-0.25412,-0.17088,0.063619,0.25883,-0.23897,-0.64183,-0.017231,0.29293,-0.36683,0.26399,0.21932,-0.37127,0.23222,-0.11608,0.092998,-0.37729,-0.20676,0.2105,-0.22004,-0.36102,-0.0019792,-0.21696,0.034249,0.31451,-0.062757,-0.19819,-0.46941,0.16075,-0.42136,0.01256,0.097062,-0.32937,-0.44379,-0.09932,-0.16777,0.088936,-0.31588,0.030427,-0.50086,0.23915,0.28906,-0.43189,-0.13914,0.52519,0.021187,-0.10361,0.1385,0.13803,0.17728,0.06904,0.23203,-0.27379,0.26263,0.31452,0.16782,-0.008131,0.050206,0.122,0.13819,0.26106,0.37662,0.064146,0.027313,0.29711,-0.53213,0.039483,0.062624,0.06866,0.099193,0.12262,-0.11874,-0.38839,0.18678,0.1176,-0.84851,0.58351,0.2952,-0.12914,0.1845,-0.16258,-0.035202,0.016985,-0.0021825,-0.075177,-0.01474,-0.16182,-0.14377,0.30485,0.058996,-0.029693,-0.14696,0.2117,-0.50469,0.090831,-0.095176,0.25391,-0.23773,0.0010293,0.39588,-0.29166,0.034548,-0.12,0.21848,0.10462,0.1621,0.39981,-0.021974,0.11868,0.33819,0.075265,-0.20168,0.034096,-0.10388,0.12917,0.0056342,0.32236,0.26017,0.18977,-0.23627,0.1615,-0.23748,-0.38739,-0.076217,0.22325,0.4788,-0.084305,0.26799,0.23331,0.13318,-0.098766,-0.37134,-0.14555,0.13237,0.26915,-0.28957,0.11247,0.11007,-0.19907,-0.23375,-0.010209,-0.23436,-0.013281,-0.13716,0.12919,0.14602,-0.12262,0.40825,0.3084,-0.54234,0.20927,-0.34886,0.1287,-0.23154,-0.54288,0.41795,0.15457,-0.28275,-0.021496,0.21743,-0.13809,-0.021018,0.41121,-0.45821,0.14398,0.34371,0.44304,-0.12862,-0.21896,0.22612,0.095889,-0.20881,0.078797,0.1316,0.10638,-0.31682,0.046696,0.19653,0.037013,-0.16033,0.49071,0.035149,-0.24645,-0.088536,-0.07061,-0.26064,0.084665,-0.56345,-0.47539,0.1982,-0.24372,0.40414,0.85464,0.30225,0.19141,-0.050679,-0.083833,0.40604,0.43418,-0.1132,0.11111,-0.69944,-0.54482,0.22631,-0.2476,-0.27166,-0.1586,-0.058199,-0.16647,0.2382,0.035248,-0.19746,-0.017967,0.33159,0.23197,0.26159,-0.029033,-0.11562,0.58193,-0.3087,-0.27787,0.4012,-0.34831,0.024532,-0.15994,-0.26379,0.22646,0.61594,-0.22033,-0.34614,0.041585,0.34278,-0.27065,0.18558,-0.0072042,0.18223,-0.41161,0.2002,0.050383,0.37102,0.24872,-0.65384,-0.26256,0.16502,0.3743,0.55269,-0.044052,0.20096,0.11255,-0.30717,0.030365,-0.23519,-0.18011,0.18236,-0.30512,0.31,0.0096435,-0.44729,0.27921,0.18689,-0.33229,0.33618,-0.025916,-0.52769,-0.70405,0.044615,0.38441,-0.19482,0.13634,0.24742,0.044887,0.0063444,-0.0054614,0.037908,-0.35893,0.45496,-0.013275,-0.029881,0.21497,-0.2344,0.29139,0.162,-0.055947,0.055574,0.90473,0.27132,0.097149,0.24215,0.041304,-0.052041
гениальная,ru,genius,N,w1,t2,0.39651,-0.32388,0.095686,0.076982,-0.29532,-0.0095592,0.082827,-0.19192,0.20398,-0.22897,0.1377,0.55791,-0.30369,0.1544,0.23084,0.44572,0.002762,-0.39853,0.70185,0.19789,-0.20648,0.86764,0.028348,-0.29889,0.048707,0.001316,-0.12072,-0.55222,-0.46688,0.16207,-0.29584,0.20428,0.38549,0.10829,0.42597,0.28681,0.033472,-0.067037,0.26391,-0.26023,-0.22073,-0.44252,0.047814,0.16726,-0.11136,0.019671,0.041818,0.031545,0.041912,-0.30783,-0.10456,-0.22598,0.13912,-0.12503,0.17201,0.025849,-0.4465,0.020784,-0.29515,-0.050997,0.52836,-0.064004,0.14988,0.038832,0.22205,0.40872000000000003,0.23601,0.41182,-0.17182,-0.24349,0.16407,0.14349,-0.65952,-0.14613,-0.24138,0.049021,0.48301,0.29273,0.013532,0.2362,-0.18149,0.21541,-0.0048518,-0.5966,0.12594,-0.14766,0.15977,0.4934,0.093953,-0.242,0.013081,0.14601,-0.046944,-0.27859,-0.0052112,0.096125,-0.28197,0.18004,0.21977,-0.28389,0.20895,0.10355,-0.012228,-0.76411,0.041108,-0.04805,-0.26591,-0.28716,0.15968,0.58521,0.23084,-0.22777,-0.097587,-0.03235,-0.31024,0.33637,0.21054,0.18811,-0.3639,-0.13482,-0.13417,-0.37283,-0.079119,-0.21352,0.36112,0.2506,0.076145,-0.0085776,0.18992,0.30626,0.2752,0.2118,-0.40519,-0.1399,-0.14616,0.2044,0.19581,-0.69381,-0.23383,0.14771,0.002068,-0.40705,0.33909,0.09728,0.2542,-0.25787,-0.11231,0.15546,-0.21323,0.18397,0.46075,-0.17361,-0.10395,0.042145,-0.22158,0.089624,0.48471,0.26899,0.22885,-0.13343,0.27999,-0.0082425,0.11208,-0.33662,-0.042495,0.07404,0.18423,0.15576,-0.42628,-0.0063083,-0.031597,0.11901,0.19645,-0.045725,0.002062,0.34089,-0.14134,-0.1318,-0.034694,-0.18096,0.066828,0.063162,-0.36168,-0.21709,0.30659,-0.016865,0.22926,0.026907,0.023074,0.284,0.011936,-0.35346,-0.25471,0.24909,0.0066736,-0.10243,-0.12966,-0.50188,-0.34493,0.13547,-0.69231,0.22859,-0.34799,0.31774,-0.064307,0.71119,0.046424,-0.039161,0.21766,-0.10149,-0.12729,-0.17403,-0.67014,-0.21536,-0.21834,-0.070408,-0.041466,-0.056243,0.39426,0.041733,-0.23049,0.42553,0.042697,-0.22839,-0.68011,0.14454,0.26632,0.42287,-0.069161,-0.36486,0.055121,0.41184,0.46957,0.054815,-0.10251,0.2833,-0.1085,-0.28442,-0.0039281,0.36387,-0.11489,0.65902,0.21621,0.15033,0.14144,-0.13612,0.31283,0.019797,0.5363,0.017998,0.63931,-0.61745,0.064821,0.26219,-0.099494,-0.16196,-0.080401,-0.21423,0.13277,0.020016,-0.44629,-0.31032,-0.14354,0.57221,-0.1684,0.042077,-0.12325,0.045994,-0.013699,0.13603,0.41013,-0.086511,-0.16644,0.19594,-0.16241,0.011122,-0.030179,0.24136,-0.07318,0.32258,-0.068881,-0.28765,0.12309,0.66583,-0.11177,-0.20398,-0.34633,-0.31137,0.082923,-0.013842,0.33182,0.8299,0.087632,0.30721,0.36533,-0.161,0.43528,0.011417,-0.23378,0.21526
гениальный,ru,genius,N,w1,t2,0.16963,0.053117,0.24735,0.020666,-0.12211,-0.093732,0.31477,-0.5318,-0.028075,-0.28837,0.047049,0.32681,-0.36179,0.030991,-0.11729,-0.095266,0.14182,-0.038144,0.45453,0.27037,-0.21779,0.48124,-0.13097,-0.088539,-0.10783,0.37156,-0.059696,-0.14209,-0.5545,0.10486,-0.079619,0.39606,0.50849,0.05781,0.33074,-0.19035,0.17801,-0.1377,0.02616,-0.29648,-0.01895,-0.067076,-0.12126,0.36346,0.10615,-0.23817,-0.025517,0.19337,0.089836,-0.13091,0.025219,-0.45975,-0.31042,0.17889,0.23908,-0.29124,-0.24637,-0.19273,-0.24461,0.29122,0.41583,-0.15197,0.31527,0.27816,0.17048,0.50673,-0.080043,-0.053834,0.025073,-0.14703,0.16358,0.44896,-0.55654,-0.14851,-0.44697,-0.1352,0.3302,0.14696,-0.060331,0.39195,0.1036,0.10102,0.073646,-0.1771,0.4374,0.17504,0.1794,0.63642,0.033749,-0.18763,-0.028133,0.39945,-0.11683,0.11006,-0.38122,-0.10508,-0.18862,0.20225,0.097634,-0.15444,0.35355,0.36333,0.05512,-0.20331,0.15527,-0.10443,-0.34264,-0.084285,0.20909,0.64469,0.15422,0.08973,-0.17152,-0.20745,-0.25951,0.39884,-0.037239,0.015007,-0.43915,-0.20249,0.008506,-0.10116,-0.15157,-0.31919,0.15308,0.095717,0.070396,0.166,0.010639,0.15275,0.3093,-0.092959,-0.58765,0.063342,0.1556,0.16599,-0.050847,-0.46921,-0.26352,-0.29396,-0.13058,-0.54018,0.048707,0.32767,-0.036708,-0.36984,-0.21119,0.0068605,-0.30607,0.12875,0.58735,0.018969,-0.29087,-0.2036,-0.29089,0.15552,0.34385,0.23653,-0.018501,-0.14636,0.24975,-0.15302,0.095876,0.1135,-0.067474,-0.17584,0.21553,-0.23925,-0.36494,0.06947,-0.060592,-0.33905,-0.35881,-0.10201,0.15504,0.37955,0.1799,-0.063476,-0.079768,-0.13494,0.037974,-0.025234,-0.34762,-0.25694,0.29444,0.029072,0.35334,0.14953,-0.1387,-0.19926,0.25365,-0.093843,-0.12841,0.014718,-0.050716,-0.2232,-0.099435,-0.33114,-0.21085,0.18394,-0.50576,-0.022115,-0.32575,0.47493,0.20717,0.61985,-0.20759,-0.27257,0.16766,0.074727,0.075282,-0.065736,-0.2387,-0.11622,-0.22294,-0.039683,0.13837,-0.081796,0.12011,-0.1701,-0.34471,-0.01801,0.046076,-0.24768,-0.3731,0.42206,0.24809,0.55294,0.01322,-0.12123,0.2052,0.66556,0.1141,0.079311,-0.046267,-0.045312,0.029496,-0.013583,-0.093007,0.24518,-0.074484,0.22332,-0.48991,0.27006,0.48446,0.26028,0.34685,0.0045039,0.65042,-0.12241,0.29139,-0.76485,0.15095,0.32374000000000003,-0.1803,-0.32087,-0.26666,0.004233,0.053086,0.2347,-0.29083,-0.64449,-0.16291,0.36058,-0.21566,-0.031653,-0.087445,-0.25219,-0.091661,-0.022101,0.23475,0.16333,-0.14376,-0.15771,-0.030625,-0.0088933,0.11042,0.16699,0.13223,0.086952,-0.42574,-0.16965,0.32897,0.2229,-0.2208,0.068125,-0.24124,-0.51528,-0.062856,-0.4212,0.4409,0.63869,-0.0037828,0.1011,0.073793,-0.25933,0.26386,-0.13584,-0.33694,0.048026
гений,ru,genius,N,w1,t1,0.078085,0.08171,0.39712,-0.17448,-0.6536,0.22093,0.018751,-0.46686,0.11004,-0.20301,0.066618,0.35814,-0.044588,-0.33949,-0.35076,0.18268,0.1577,0.13211,0.81559,0.50175,-0.2741,0.30173,-0.14399,0.20008,-0.22831,0.22538,-0.2136,-0.044623,0.1396,0.07568,-0.086315,0.65132,0.35508,0.040096,0.31768,-0.040966,-0.026877,-0.36231,0.051282,0.014877,-0.10568,-0.24174,0.099602,0.040455,0.053004,-0.59509,-0.093872,0.10013,-0.13611,-0.18881,-0.095295,-0.57724,-0.66216,0.46473,0.32145,0.13219,0.07162,0.078436,-0.15082,-0.27306,0.60519,-0.262,0.22135,0.086344,0.14133,0.1983,-0.070685,0.31912,-0.11803,0.20272,0.41016,-0.14634,-0.47073,-0.30548,-0.3195,-0.10896,-0.07758,0.14736,0.12908,0.34572,0.035803,0.026416,0.054563,0.086309,0.067239,-0.22546,-0.024361,0.70977,0.28384,-0.16742,-0.1971,-0.061743,-0.015311,0.21489,-0.34503,-0.1027,-0.43096,0.24858,0.2654,-0.63196,0.061185,0.16365,0.24202,-0.39009,0.25832,-0.25124,-0.55602,-0.11,-0.078527,0.21944,-0.26661,0.28493,-0.11248,-0.20157,-0.12604,0.15858,0.088554,-0.11463,-0.37973,-0.17176,-0.17659,-0.18352,-0.1781,-0.1373,0.27059,0.33842,-0.17425,0.058101,0.036406,0.20877,-0.04194,-0.079025,-0.41426,0.16774,0.13269,-0.22109,-0.012579,-0.59163,-0.19343,0.08039,-0.084017,-0.37756,-0.12074,0.084574,0.071166,-0.30803,0.051365,0.067179,-0.056898,0.049582,0.41179,-0.25995,-0.26044,-0.32709,-0.13889,0.2628,0.36566,0.44504,0.10485,-0.11772,-0.071058,0.088793,0.099388,-0.23723,-0.04305,-0.071691,0.21088,-0.3587,-0.011014,0.020425,0.087721,-0.54883,-0.32369,0.21726,0.22534,0.30926,0.41737,-0.34957,0.055776,-0.11361,0.26394,-0.13861,-0.46558,-0.25187,0.17644,0.028212,0.09063,0.14497,-0.35792,-0.358,0.12824,-0.16139,-0.2029,-0.094254,-0.20184,0.30163,-0.13195,-0.44247,-0.30266,0.11734,-0.44727,0.36796,-0.29785,0.29733,0.17268,0.52838,0.38099,-0.12758,-0.038242,-0.31439,0.22696,0.2319,-0.7757,0.095491,-0.051489,-0.16561,0.1688,-0.054734,0.47839,-0.07603,-0.28244,-0.090559,-0.0024912,-0.27683,-0.3667,0.28238,0.036922,0.41908,-0.046922,-0.066134,-0.2045,0.70428,0.23984,-0.026098,-0.31502,0.11163,0.039417,-0.2155,0.16825,0.29683,-0.11314,0.14521,-0.21056,0.34486,0.46568,0.04906,0.35097,0.34411,0.50264,-0.12953,0.2703,-0.74868,-0.34229,0.047751,-0.012242,-0.2479,-0.42825,0.32073,-0.067844,0.23506,0.18235,-0.15057,-0.042346,0.32116,-0.31333,0.1319,-0.5482,-0.091974,-0.081533,0.084427,0.28364,0.096518,-0.37464,-0.55641,0.015144,-0.29732,-0.033993,0.086619,-0.1065,-0.11496,-0.27515,-0.14503,0.3181,0.59467,0.090579,-0.082493,-0.12098,-0.22904,0.083318,-0.25383,0.56125,0.15104,0.30037,0.25141,-0.042835,-0.40235,0.1168,-0.23741,-0.083287,0.40557
двоюродная,ru,cousins,F,w1,t1,0.54435,-0.020884,-0.12694,-0.032588,0.010009,-0.23235,-0.13733,-0.41962,0.35423,-0.042633,0.24213,0.0595,-0.32137,0.34523,0.50934,0.39273,-0.7839,0.21372,0.32322,-0.14854,-0.060867,0.44727,0.17045,0.2518,-0.10008,-0.29103,0.024117,-0.77419,-0.34389,-0.081744,0.046754,-0.053237,-0.19648,-0.30017,0.22653,0.46845,0.021973,-0.49747,0.21662,0.3201,0.073871,-0.33155,-0.51251,-0.20003,-0.58702,-0.12423,0.27083,-0.20854,-0.17329,-0.40561,-0.17229,0.34614,-0.44565,0.55251,0.50213,-0.18542,-0.52901,0.2242,-0.49882,0.28479,0.67248,0.30098,-0.20533,0.25377,0.14317,-0.17374,0.26717,0.37302,-0.26624,-0.31649,0.56226,-0.31322,0.050464,0.21576,-0.16752,0.022174,-0.26271,0.22715,0.31245,-0.025378,0.33035,-0.10602,-0.31681,-0.10984,0.11216,-0.64957,0.85563,0.23604,0.0048681,-0.18039,0.035941,-0.13944,0.37635,0.25302,-0.0045562,-0.1545,-0.69841,0.056009,0.13296,-0.37753,-0.024436,-0.46425,-0.13803,-0.43383,0.23236,-0.020438,0.036551,-0.33868,-0.24237,0.45837,-0.23487,-0.38193,0.036698,-0.21943,0.23535,0.61407,0.43342,-0.28238,-0.15227,-0.16967,0.14681,-0.18217,-0.19625,0.43955,0.086416,0.020202,-0.088614,0.32946,0.425,0.10953,0.10757,-0.035989,-0.072693,-0.10182,0.13024,0.31372,0.30987,0.095115,0.32615,-0.23198,0.11399,-0.45625,0.13731,0.39063,-0.12541,-0.1836,-0.23616,0.69103,-0.082135,-0.0011305,-0.080632,-0.0071381,0.40517,0.002846,0.24268,0.52847,-0.11328,0.10847,0.43273,-0.1673,0.46807,0.18455,-0.20091,0.11062,-0.074452,0.10804,-0.21889,-0.060793,-0.06189,-0.18305,-0.33287,0.15054,0.11637,-0.30648,-0.01884,0.70419,-0.052202,0.019335,0.46487,0.29319,0.082352,-0.17269,-0.48126,-0.40101,0.32163,0.17102,0.78301,-0.30793,0.33826,-0.1473,-0.12953,-0.29879,0.083938,-0.26047,-0.24791,-0.55646,6.8674e-4,-0.68125,0.076401,-0.33025,-0.35869,0.19034,0.40996,0.20351,0.4098,0.090593,0.2606,0.087255,0.11212,0.22049,0.19178,0.051588,-0.57289,-0.12109,-0.49632,0.13189,-0.37458,0.014277,0.2865,0.2295,-0.21847,0.1768,-0.07315,-0.02216,-0.1757,0.26346,-0.25762,0.44797,0.85916,-0.16179,-0.18039,0.48869,0.21975,0.3322,-0.11279,-0.52047,0.093696,0.37874,0.015331,0.15974,-0.2106,0.22896,-0.1906,0.20693,0.051816,-0.35818,-0.094764,0.10534,0.28985,0.17663,0.3252,-0.10426,-0.54193,-0.26962,-0.062505,-0.037787,-0.32238,-0.1928,-0.11363,-0.063129,-0.47756,-0.52536,-0.09321,0.74539,-0.13617,0.50237,-0.24365,0.22604,0.38883,0.3673,-0.18111,0.48936,0.42047,-0.048291,-0.20723,0.048296,0.60271,-0.041169,0.38958,0.15382,0.18315,0.4856,-0.28574,0.21402,0.1972,0.41417,-0.093695,-0.044356,0.11966,0.11655,0.23746,0.42876,-0.0017934,0.0020574,0.65661,0.28163,0.27184,0.287,-0.15426,0.20478
двоюродные,ru,cousins,M,w1,t2,0.26024,0.0071316,-0.21706,0.0077234,0.052009,0.032134,-0.24581,-0.050767,0.045689,0.052134,0.30318,-0.098191,-0.037652,0.12428,0.26743,0.12557,-0.79867,0.21272,0.20835,-0.26115,-0.1933,0.68928,0.21653,0.36682,-0.015973,0.060759,-0.45009,-0.57306,-0.15342,-0.040067,0.0015583,-0.08974,-0.39452,-0.048511,0.50262,0.15323,-0.27138,-0.34075,-0.067988,0.061036,0.28635,-0.30737,-0.78919,-0.30869,-0.626,-0.16372,0.18539,-0.23744,-0.40781,-0.37514,-0.26306,0.064114,-0.50075,0.44453,0.42138,0.10501,-0.2747,0.23647,-0.37847,0.16305,0.25885,0.18543,-0.32946,0.38548,0.3283,-0.30298,-0.0015416,0.097278,-0.1872,-0.11894,0.22405,-0.076577,-0.11964,0.29839,0.10686,-0.38184,-0.2748,0.18926,0.22538,-0.09634,0.34079,0.10795,-0.25232,-0.087353,-0.20798,-0.64336,0.73803,0.27495000000000003,0.14602,0.14792,-0.097651,0.2673,0.064358,0.322,0.017991,-0.23785,-0.33654,0.19174,0.49034,-0.25854,0.33796,-0.44802,0.15022,-0.26262,0.38834,-0.059563,0.21421,-0.27609,-0.33901,0.63527,-0.42859,-0.41042,0.28526,-0.32454,0.15946,0.36175,0.4658,-0.10416,0.092697,0.08838,0.095128,-0.22576,-0.24508,0.28692,0.10982,-0.0031594,0.067225,0.22237,0.62895,-0.21989,0.12561,-0.2973,-0.30511,0.025363,0.22386,0.40557,0.3496,0.43705,0.34841,-0.33103,0.0096284,-0.47602,-0.054308,0.1716,-0.0049771,-0.14454,-0.27865,0.45703,-0.099845,-0.055117,0.05051,-0.35496,0.29317,-0.26056,0.25531,0.58262,-0.38751,0.088962,0.40467,-0.15165,0.26537,0.1606,0.14377,0.2562,-0.18385,-0.017251,-0.047606,-0.37888,0.14849,-0.038246,-0.10173,-0.12736,0.26459,-0.6021,0.16542,0.42423,0.239,0.067761,0.3372,0.28831,0.22696,-0.55785,-0.53728,-0.011056,-0.19827,-0.081304,0.41497,-0.42212,0.15574,-0.15978,0.18545,-0.29562,0.17293,-0.21317,-0.29718,-0.47852,0.19133,-0.65551,-0.39569,0.010195,-0.34754,0.57595,0.61238,0.23491,0.23361,-0.38746,0.10639,0.057679,0.34355,0.17811,0.23408,-0.0029697,-0.445,-0.26448,-0.65553,-0.01009,-0.2521,0.19926,0.16445,0.12313,-0.048628,0.27591,-0.032035,0.23766,0.35309,0.12948,-0.44385,0.39674,0.76356,-0.24208,0.067052,0.60748,0.053187,0.23135,-0.29568,-0.81736,0.28933,0.63001,0.13262,-0.049063,-0.03978,0.011076,-0.25052,0.04513,0.28863,-0.19528,-0.33277,0.25383,0.28633,0.19017,0.44353,-0.23579,-0.52795,0.11742,0.0093965,-0.12764,0.037518,0.27929,0.082481,0.27796,-0.15698,-0.28149,-0.018643,0.30037,-0.071449,0.37143,-0.14419,-0.15677,0.1967,0.45937,-0.48453,0.42768,0.016762,-0.7912,-0.50304,0.03524,0.31208,0.086385,0.25613,0.04294,0.58874,0.29336,-0.20874,-0.027683,-0.30023,0.58666,0.28568,-0.023409,0.064163,-0.17398,0.15663,0.3623,-0.13476,0.11284,0.62584,0.11235,0.24151,0.31887,-0.20405,-0.14112
двоюродные,ru,cousins,F,w1,t2,0.26024,0.0071316,-0.21706,0.0077234,0.052009,0.032134,-0.24581,-0.050767,0.045689,0.052134,0.30318,-0.098191,-0.037652,0.12428,0.26743,0.12557,-0.79867,0.21272,0.20835,-0.26115,-0.1933,0.68928,0.21653,0.36682,-0.015973,0.060759,-0.45009,-0.57306,-0.15342,-0.040067,0.0015583,-0.08974,-0.39452,-0.048511,0.50262,0.15323,-0.27138,-0.34075,-0.067988,0.061036,0.28635,-0.30737,-0.78919,-0.30869,-0.626,-0.16372,0.18539,-0.23744,-0.40781,-0.37514,-0.26306,0.064114,-0.50075,0.44453,0.42138,0.10501,-0.2747,0.23647,-0.37847,0.16305,0.25885,0.18543,-0.32946,0.38548,0.3283,-0.30298,-0.0015416,0.097278,-0.1872,-0.11894,0.22405,-0.076577,-0.11964,0.29839,0.10686,-0.38184,-0.2748,0.18926,0.22538,-0.09634,0.34079,0.10795,-0.25232,-0.087353,-0.20798,-0.64336,0.73803,0.27495000000000003,0.14602,0.14792,-0.097651,0.2673,0.064358,0.322,0.017991,-0.23785,-0.33654,0.19174,0.49034,-0.25854,0.33796,-0.44802,0.15022,-0.26262,0.38834,-0.059563,0.21421,-0.27609,-0.33901,0.63527,-0.42859,-0.41042,0.28526,-0.32454,0.15946,0.36175,0.4658,-0.10416,0.092697,0.08838,0.095128,-0.22576,-0.24508,0.28692,0.10982,-0.0031594,0.067225,0.22237,0.62895,-0.21989,0.12561,-0.2973,-0.30511,0.025363,0.22386,0.40557,0.3496,0.43705,0.34841,-0.33103,0.0096284,-0.47602,-0.054308,0.1716,-0.0049771,-0.14454,-0.27865,0.45703,-0.099845,-0.055117,0.05051,-0.35496,0.29317,-0.26056,0.25531,0.58262,-0.38751,0.088962,0.40467,-0.15165,0.26537,0.1606,0.14377,0.2562,-0.18385,-0.017251,-0.047606,-0.37888,0.14849,-0.038246,-0.10173,-0.12736,0.26459,-0.6021,0.16542,0.42423,0.239,0.067761,0.3372,0.28831,0.22696,-0.55785,-0.53728,-0.011056,-0.19827,-0.081304,0.41497,-0.42212,0.15574,-0.15978,0.18545,-0.29562,0.17293,-0.21317,-0.29718,-0.47852,0.19133,-0.65551,-0.39569,0.010195,-0.34754,0.57595,0.61238,0.23491,0.23361,-0.38746,0.10639,0.057679,0.34355,0.17811,0.23408,-0.0029697,-0.445,-0.26448,-0.65553,-0.01009,-0.2521,0.19926,0.16445,0.12313,-0.048628,0.27591,-0.032035,0.23766,0.35309,0.12948,-0.44385,0.39674,0.76356,-0.24208,0.067052,0.60748,0.053187,0.23135,-0.29568,-0.81736,0.28933,0.63001,0.13262,-0.049063,-0.03978,0.011076,-0.25052,0.04513,0.28863,-0.19528,-0.33277,0.25383,0.28633,0.19017,0.44353,-0.23579,-0.52795,0.11742,0.0093965,-0.12764,0.037518,0.27929,0.082481,0.27796,-0.15698,-0.28149,-0.018643,0.30037,-0.071449,0.37143,-0.14419,-0.15677,0.1967,0.45937,-0.48453,0.42768,0.016762,-0.7912,-0.50304,0.03524,0.31208,0.086385,0.25613,0.04294,0.58874,0.29336,-0.20874,-0.027683,-0.30023,0.58666,0.28568,-0.023409,0.064163,-0.17398,0.15663,0.3623,-0.13476,0.11284,0.62584,0.11235,0.24151,0.31887,-0.20405,-0.14112
двоюродный,ru,cousins,M,w1,t1,0.46923,0.049457,0.11996,-0.070804,0.1005,-0.22974,-0.23232,-0.2051,-0.23299,-0.062256,0.13203,-0.004425,-0.077675,0.037225,0.38804,0.24867,-0.79435,0.43879,0.23659,-0.30483,-0.07114,0.3752,0.15053,0.48289,-0.14633,-0.12213,-0.19135,-0.46293,-0.18825,-0.1356,0.077895,0.10266,-0.27024,-0.28857,0.22978,0.074507,-0.068823,-0.33776,0.076413,0.064159,0.18421,-0.20592,-0.56247,-0.20226,-0.54705,-0.10006,0.24043,-0.21421,-0.15058,-0.46521,-0.24611,0.24641,-0.96858,0.56729,0.43758,-0.14332,-0.14796,0.11968,-0.36291,0.43524,0.36604,-0.021363,0.026398,0.3768,0.02742,-0.20054,-0.12171,0.014707,-0.30159,-0.063623,0.65989,-0.16574,0.13505,0.31748,-0.19651,-0.13552,-0.37503,-0.013701,0.34434,0.19821,0.16686,-0.25177,-0.33998,-0.091731,0.21597,-0.28551,0.69201,0.40907,0.16887,0.044736,-0.11777,0.11921,-0.042667,0.2998,-0.20224,-0.36147,-0.33423,0.19336,0.14234,-0.348,0.22121,-0.13401,0.17424,-0.1276,0.32385,-0.024829,-0.30228,-0.40724,-0.2173,0.74434,-0.29748,-0.29208,-0.086177,-0.16932,0.24364,0.61728,0.62089,-0.461,0.095455,-0.1784,-0.1171,0.071317,0.047453,0.4043,0.21171,-0.17434,-0.07155,0.30207,0.41988,-0.2924,0.30963,-0.027153,-0.077633,0.13742,0.37264,0.34134,0.15939,0.17669,0.34205,-0.518,0.17234,-0.28939,-0.066849,0.2598,0.0087975,-0.28173,-0.18084,0.63249,-0.1339,-0.073268,0.32715,-0.038427,0.35176,-0.23313,0.13281,0.30915,-0.34691,0.20953,0.28193,-0.20061,0.32999,0.035161,0.044722,0.2857,-0.24275,-0.0065107,-0.15669,-0.1592,0.10364,-0.10738,-0.025685,-0.21575,0.10568,-0.5286,0.21111,0.61524,0.18193,7.6139e-4,0.51038,0.34835,0.16633,-0.57924,-0.61221,-0.20255,-0.064815,-0.14618,0.71629,-0.32892,0.0052979,-0.35384,0.32473,-0.43487,0.40799,-0.38611,-0.27628,-0.59532,0.43265,-0.65594,-0.093938,-0.12911,-0.33586,0.30328,0.37536,0.098023,0.48652,-0.25029,0.17418,0.083248,0.12108,-0.012677,0.16043,-0.13268,-0.092589,-0.061447,-0.74216,0.17928,-0.39267,-0.022263,0.022406,-0.0094521,-0.34697,0.22953,0.062889,-0.13685,0.14322,0.14181,-0.3677,0.20424,0.79497,-0.18756,0.043343,0.54405,0.18319,0.24884,-0.1644,-0.69613,0.331,0.44745,-0.090144,0.21582,-0.2635,0.2291,-0.65881,-0.034327,0.065176,-0.096609,-0.15986,0.11024,0.097114,0.0081387,0.43861,-0.25023,-0.45402,0.13285,-0.19706,-0.090061,-0.13808,0.077131,-0.24166,0.39164,-0.30732,-0.42063,-0.12624,0.40295,-0.24301,0.45163,-0.31982,-0.22382,0.21961,0.29546,-0.20899,0.61171,-0.017465,-0.641,-0.39967,0.052035,0.3559,0.25351,0.29246,0.29124,0.071138,0.057854,-0.15495,0.17649,-0.37753,0.37333,0.018271,0.092152,-0.1098,-0.33473,0.26064,0.32643,0.118,0.082192,0.50301,0.25095,0.35334,0.18478,-0.12973,-0.096566
девочка,ru,girl,N,w1,t1,0.14777,-0.031462,-0.32668,-0.12424,-0.087859,0.078506,0.34931,-0.48184,0.12887,-0.16708,0.30147,0.22746,-0.089099,0.06022,-0.04239,-0.36098,0.040029,-0.15259,0.092283,0.23476,0.3925,0.27987,0.18308,-0.24418,-0.2061,0.19534,-0.13223,-0.45463,-0.030868,-0.010164,0.24912,0.31377,0.037377,-0.15069,0.54643,0.60289,0.17378,-0.44351,0.042579,0.29733,0.21112,-0.22735,0.10723,-0.1116,-0.081503,-0.36464,0.07918,0.15519,-0.06175,-0.12132,-0.035738,-0.2457,-0.14452,-0.063952,0.27612,-0.040798,-0.47587,0.10309,-0.020365,0.28605,0.80072,0.097999,-0.20826,0.42594,0.14975,0.1523,0.42845,0.63765,0.19156,-0.11081,0.23235,0.26094,-0.078164,-0.38157,-0.23203,-0.19097,-0.021407,-0.10432,0.24723,-0.089254,0.47356,-0.095038,0.07098,-0.38575,-0.093005,0.023247,0.37986,-0.082661,0.37021,-0.31179,-0.12283,-0.21429,-0.21369,0.32046,0.27702,0.082247,-0.26063,-0.13527,0.2539,-0.04371,-0.21169,-0.23573,0.027088,-0.25085,-0.030414,0.31217,0.13887,-0.34712,-0.043444,0.11797,-0.15787,0.075906,0.0056074,0.064754,-0.05792,0.25932,0.13071,0.52951,-0.31824,0.034011,0.45206,-0.20205,0.079165,0.021424,0.14257,-0.19591,-0.10343,0.10396,0.13566,0.069115,0.12654,-0.1492,0.10841,0.039157,0.026658,0.18513,-0.010175,-0.032118,-0.10084,0.1142,-0.16256,-0.12691,-0.064953,0.3753,0.23683,0.16719,0.38024,0.43592,0.19215,0.13199,0.092165,0.11933,-0.1064,-0.11181,0.0081003,0.63995,0.052452,-0.12741,0.64197,0.21301,0.089642,0.40141,-0.29198,-0.62359,0.062338,-0.43874,-0.19274,-0.25157,0.11627,-0.020009,-0.5961,-0.15745,0.088382,0.53039,0.033909,0.45796,0.24629,-0.20433,0.47161,0.086046,-0.027779,0.13999,-0.44287,-0.56813,0.19494,0.133,0.026291,0.15215,0.1694,-0.19013,0.1596,-0.053958,0.14843,-0.38092,0.016413,-0.5471,-0.56228,-0.26168,0.10853,-0.43044,-0.21527,0.12209,0.28095,0.56213,-0.12392,0.33358,0.21332,0.1183,0.66938,0.11212,0.3379,-0.14145,-0.28924,0.081887,0.0055902,0.043821,-0.39049,-0.19636,0.38499,0.33962,-0.027008,-0.16576,0.31525,0.17573,-0.4197,-0.10148,-0.16272,0.096821,-0.057519,-0.57718,-0.039309,0.15228,0.064513,0.36927,-0.17334,0.15047,-0.1673,-0.26213,0.14756,-0.032993,-0.29468,0.27674,-0.53053,0.60555,0.12317,0.080119,0.087573,0.34348,0.33647,0.19438,0.21379,-0.42315,-0.10573,0.021124,0.21317,0.19749,0.044036,0.05503,-0.29889,-0.29966,-0.001164,-0.28296,-0.019931,0.54817,-0.21529,0.11784,-0.049667,-0.24701,0.51186,0.41116,0.034738,0.44414,-0.14604,0.53117,-0.51406,-0.33625,0.2224,-0.48412,-0.36551,0.242,-0.24288,0.50345,-0.031505,-0.011123,0.21129,-0.0024372,-0.075415,-0.62078,0.30014,0.20831,0.085785,0.15095,0.16688,0.0047563,0.16495,-0.26915,-0.56331,0.20639,0.26001,0.75114
девушка,ru,girl,N,w1,t2,0.10218000000000001,-0.047649,-0.61342,0.13606,-0.05185,-0.19286,0.16115,-0.48136,0.093331,0.01709,0.24668,0.33015,-0.033224,0.031428,-0.12366,-0.12208,0.12679,-0.031532,0.11544,0.24945,0.58182,0.21837,-0.11466,-0.058692,0.026716,-0.075181,-0.16903,-0.20395,-0.14923,-0.086128,0.23108,0.34317,0.16673,-0.3535,0.45917,0.38567,0.22587,-0.38648,0.17304,-0.067258,0.1891,-0.073815,-0.047487,-0.48699,-0.13098,-0.41473,0.13109,0.2146,0.053714,-0.24133,-0.15424,-0.11614,-0.28385,-0.033706,0.17039,0.015315,-0.30702,-0.25508,-0.19729,0.21726,0.82958,0.26222,-0.34131,0.43971,0.12378,0.099088,0.50423,0.46972,0.31494,-0.30159,0.11341,0.037229,-0.14572,-0.081073,-0.041655,-0.11787,-0.021666,-0.27152,0.20009,-0.024535,0.4966,0.017375,0.061675,-0.079259,-0.0057188,0.23798,0.31954,0.052016,0.28127,-0.18293,-0.2247,-0.34886,-0.52168,0.24047,0.36083,0.054786,-0.14755,-0.077599,0.20724,-0.21397,0.028204,-0.17951,0.33003,-0.2655,0.26513,0.22029,0.052879,-0.29081,0.20217,0.043343,-0.55589,-0.13522,0.18462,0.0026287,-0.010268,0.3874,0.13969,0.67112,-0.095226,0.086858,0.23619,-0.19349,-0.024171,0.081953,-0.10126,-0.32309,-0.029437,0.045609,0.080293,0.034131,-5.301e-4,0.11352,-0.027272,-0.15638,0.22277,0.081108,0.047683,-0.23101,-0.0054632,0.31434,0.028885,-0.27777,-0.25589,0.53222,-0.117,0.041543,0.40382,0.44954,-0.013558,0.093642,-0.26254,-0.0029614,-0.084184,-0.118,0.041391,0.49055,0.19052,-0.14018,0.75278,0.15604,0.11776,0.36843,-0.062376,-0.41084,0.086488,-0.31334,-0.089224,-0.18593,-0.26392,0.012366,-0.30693,0.078568,-0.22311,0.43701,-0.11853,0.32038,0.091989,0.038053,0.31958,-0.20652,0.096441,0.15845,-0.2445,-0.35401,0.47514,0.21239,-0.07196,0.17225,-0.076235,-0.0079214,0.056873,-0.29978,0.26881,-0.27427,-0.03347,-0.41311,-0.68298,-0.4852,0.11948,-0.035982,-0.099588,0.28388,0.33938,0.4268,0.050047,0.69124,0.18277,-0.01212,0.33363,0.13261,0.15233,-0.019971,-0.45991,0.041764,0.10903,-0.018898,-0.18836,-0.13073,0.28651,0.037799,-0.10606,-0.21867,0.32874,0.049961,-0.39449,0.11081,0.0087329,0.15655,-0.17754,-0.3633,-0.17865,0.078269,0.064831,0.21352,-0.053836,0.053717,0.2157,-0.25626,0.0065739,-0.015045,-0.3426,0.33782,-0.18906,0.70849,0.20559,-0.13524,0.033657,0.28648,0.26526,0.031222,0.15457,-0.29447,2.6135e-4,0.063137,0.22679,0.17772,8.5119e-4,-0.097082,-0.13091,-0.29339,0.060966,-0.27598,-0.0012208,0.72731,-0.51421,0.20553,-0.28453,0.10479,0.58621,0.29842,0.26701,0.26301,-0.072045,0.1565,-0.13348,-0.20326,0.24295,-0.21455,-0.075184,-0.081827,-0.15887,0.48013,-0.14258,0.083842,0.6012,-0.019067,-0.23156,-0.55109,-0.16214,0.16529,0.12845,0.14526,-0.016863,-0.15086,0.052266,-0.37237,-0.18683,-0.014892,-0.14854,0.59959
дети,ru,children,M,w1,t1,0.18771,0.23788,0.11844,0.30793,-0.41894,-0.14247,-0.20671,0.04244,-0.10472,-0.18601,0.023172,-0.15141,-0.35247,-0.066476,-0.15121,-0.14244,-0.63548,0.091026,0.24273,-0.1175,0.43297,0.73163,-0.42406,0.25347,-0.32347,0.42024,-0.15602,-0.27112000000000003,-0.10664,-0.19652,-0.45841,0.21831,-0.057171,-0.16786,0.52696,0.026345,-0.078316,-0.46188,-0.191,0.11781,0.40947,-0.04706,-0.4073,-0.40328,-0.4394,-0.4526,0.11173,-0.12075,0.0051761,-0.02864,0.3568,0.12725,-0.58406,-0.082836,0.80486,0.20876,-0.29803,0.13852,0.032792,0.22399,0.9053,-0.53386,-0.084198,0.31218,0.5524,0.37788,0.11725,0.36124,-0.14594,-0.30302,-0.046064,-0.18786,-0.35701,-0.28917,0.27524,-0.56652,-0.19995,0.094553,0.22575,-0.091258,-0.39323,0.50491,-0.0073656,-0.0084168,0.3321,-0.37668,0.77012,0.31318,0.4555,0.016896,0.29214,-0.56891,0.080769,0.63638,0.23646,-0.025888,0.011611,-0.31859,-0.0036815,0.013497,0.20353,-0.021178,0.13765,-0.7578,0.41722,-0.12947,0.031936,-0.44682,-0.27928,-0.032216,-0.037963,0.24592,-0.25017,-0.06899,-0.010487,-0.2251,0.80452,0.11982,-0.11083,0.26602,-0.14306,0.015481,-0.16038,0.013815,0.18098,-0.18796,0.16571,0.12623,0.38688,-0.098342,0.092423,-0.11799,0.13112,0.23016,0.23726,0.13327,0.46846,-0.36346,0.32986,0.38553,-0.23401,0.18883,-0.28637,0.0052035,0.15716,0.079932,0.13092,-0.17518,0.4931,-0.27337,-0.16744,0.090279,-0.051999,-0.095754,0.14988,0.53503,-0.2312,-0.34936,0.16574,-0.21175,0.18977,0.017074,-0.21665,-0.23504,-0.5193,0.22949,-0.090828,-0.10084,0.21278,-0.0048658,-0.25522,-0.034585,0.0037626,0.17553,-0.297,0.25031,-0.038441,0.3811,-0.28856,0.15221,0.020503,-0.45864,0.12775,-0.44553,-0.44183,-0.42872,-0.2798,0.063547,0.13672,-0.37185,0.2911,-0.17291,-0.025494,-0.086928,-0.27682,-0.77486,0.25161,-0.60499,-0.36952,-0.037121,0.22238,0.093848,0.51023,0.57413,-0.22981,-0.023159,0.18862,-0.13627,0.40908,-0.11629,0.41733,-0.32667,0.11557,-0.20968,-0.13735,-0.0024368,-0.593,0.26056,-0.066492,0.14752,0.22123,-0.03295,0.28172,-0.021728,0.16198,-0.024409,-0.10947,0.11434,0.13388,-0.022677,0.09979,-0.18182,-0.20016,0.16064,-0.24196,-0.19301,-0.17552,0.64151,-0.34277,-0.25496,-0.23447,-0.01111,-0.40919,0.069748,0.10978,-0.091734,0.20707,0.48737,0.57877,0.1425,0.1344,-0.041985,0.0014919,0.3237,0.23678,-0.040505,0.087289,0.31778,-0.26855,-0.24752,-0.3641,0.14345,-0.27028,-0.18236,-0.23938,0.56017,0.29508,-0.431,0.0041653,0.11324,-0.44097,0.094713,0.042643,-0.12069,-0.71918,-0.34027,0.35079,-0.1906,-0.073348,0.23404,-0.05172,0.23828,0.014897,0.044685,-0.18986,0.42257,0.28034,-0.14062,0.54689,0.13482,-0.29667,0.09003,0.28301,0.343,0.26943,0.083733,-0.07626,0.1429,0.052162,0.20842
дети,ru,children,F,w1,t1,0.18771,0.23788,0.11844,0.30793,-0.41894,-0.14247,-0.20671,0.04244,-0.10472,-0.18601,0.023172,-0.15141,-0.35247,-0.066476,-0.15121,-0.14244,-0.63548,0.091026,0.24273,-0.1175,0.43297,0.73163,-0.42406,0.25347,-0.32347,0.42024,-0.15602,-0.27112000000000003,-0.10664,-0.19652,-0.45841,0.21831,-0.057171,-0.16786,0.52696,0.026345,-0.078316,-0.46188,-0.191,0.11781,0.40947,-0.04706,-0.4073,-0.40328,-0.4394,-0.4526,0.11173,-0.12075,0.0051761,-0.02864,0.3568,0.12725,-0.58406,-0.082836,0.80486,0.20876,-0.29803,0.13852,0.032792,0.22399,0.9053,-0.53386,-0.084198,0.31218,0.5524,0.37788,0.11725,0.36124,-0.14594,-0.30302,-0.046064,-0.18786,-0.35701,-0.28917,0.27524,-0.56652,-0.19995,0.094553,0.22575,-0.091258,-0.39323,0.50491,-0.0073656,-0.0084168,0.3321,-0.37668,0.77012,0.31318,0.4555,0.016896,0.29214,-0.56891,0.080769,0.63638,0.23646,-0.025888,0.011611,-0.31859,-0.0036815,0.013497,0.20353,-0.021178,0.13765,-0.7578,0.41722,-0.12947,0.031936,-0.44682,-0.27928,-0.032216,-0.037963,0.24592,-0.25017,-0.06899,-0.010487,-0.2251,0.80452,0.11982,-0.11083,0.26602,-0.14306,0.015481,-0.16038,0.013815,0.18098,-0.18796,0.16571,0.12623,0.38688,-0.098342,0.092423,-0.11799,0.13112,0.23016,0.23726,0.13327,0.46846,-0.36346,0.32986,0.38553,-0.23401,0.18883,-0.28637,0.0052035,0.15716,0.079932,0.13092,-0.17518,0.4931,-0.27337,-0.16744,0.090279,-0.051999,-0.095754,0.14988,0.53503,-0.2312,-0.34936,0.16574,-0.21175,0.18977,0.017074,-0.21665,-0.23504,-0.5193,0.22949,-0.090828,-0.10084,0.21278,-0.0048658,-0.25522,-0.034585,0.0037626,0.17553,-0.297,0.25031,-0.038441,0.3811,-0.28856,0.15221,0.020503,-0.45864,0.12775,-0.44553,-0.44183,-0.42872,-0.2798,0.063547,0.13672,-0.37185,0.2911,-0.17291,-0.025494,-0.086928,-0.27682,-0.77486,0.25161,-0.60499,-0.36952,-0.037121,0.22238,0.093848,0.51023,0.57413,-0.22981,-0.023159,0.18862,-0.13627,0.40908,-0.11629,0.41733,-0.32667,0.11557,-0.20968,-0.13735,-0.0024368,-0.593,0.26056,-0.066492,0.14752,0.22123,-0.03295,0.28172,-0.021728,0.16198,-0.024409,-0.10947,0.11434,0.13388,-0.022677,0.09979,-0.18182,-0.20016,0.16064,-0.24196,-0.19301,-0.17552,0.64151,-0.34277,-0.25496,-0.23447,-0.01111,-0.40919,0.069748,0.10978,-0.091734,0.20707,0.48737,0.57877,0.1425,0.1344,-0.041985,0.0014919,0.3237,0.23678,-0.040505,0.087289,0.31778,-0.26855,-0.24752,-0.3641,0.14345,-0.27028,-0.18236,-0.23938,0.56017,0.29508,-0.431,0.0041653,0.11324,-0.44097,0.094713,0.042643,-0.12069,-0.71918,-0.34027,0.35079,-0.1906,-0.073348,0.23404,-0.05172,0.23828,0.014897,0.044685,-0.18986,0.42257,0.28034,-0.14062,0.54689,0.13482,-0.29667,0.09003,0.28301,0.343,0.26943,0.083733,-0.07626,0.1429,0.052162,0.20842
дом,ru,home,N,w1,t1,0.060037,0.084209,0.12704,0.41364,0.21953,-0.28417,-0.16151,-0.30315,0.21063,0.3942,0.037167,0.031032,0.35491,0.28067,0.48822,-0.084336,-0.097607,-0.19655,0.19506,0.20384,-0.1726,0.0238,-0.27972,0.0030194,-0.086258,0.23733,-0.48898,-0.063384,0.40517,-0.22308,-0.14582,0.27937,0.27087,-0.44873,0.0044691,-0.081052,0.2417,-0.44227,0.57735,0.14749,0.30865,0.27561,-0.031101,-0.10236,-0.34931,-0.26313,-0.14261,0.11847,0.24506,-0.49214,0.081642,0.15669,-0.40916,-0.092058,0.39362,-0.28959,0.39803,0.32104,-0.11026,-0.26266,0.31348,-0.15194,-0.50362,0.44073,-0.13174,0.14536,0.0042223,0.25461,0.18198,-0.47647,-0.046642,-0.039041,-0.14583,-0.31731,0.25789,0.036072,0.15894,-0.207,0.0078803,0.23317,-0.05168,0.13411,-0.5005,0.17267,-0.079747,-0.07184,-0.53311,0.32024,0.21486,0.35911,0.1474,-0.67621,-0.042955,0.20856,0.085053,0.23074,0.26998,0.080486,-0.0099806,0.11416,-0.073535,0.33672,-0.2248,0.089609,0.65009,-0.19875,0.046971,-0.18119,-0.014116,0.49773,0.028485,0.078166,-0.31552,-0.57908,-0.30055,0.14195,-0.011822,0.016268,-0.40385,0.23635,-0.31964,-0.49035,0.20042,0.029345,0.24197,0.022237,-0.53033,0.26391,0.68079,-0.19154,0.60088,0.045695,0.041311,-0.062761,-0.40238,0.020151,0.38494,-0.063327,-0.056248,-0.056421,-0.14869,-0.050016,0.1726,-0.48487,0.019987,-0.045272,-0.15626,0.94456,-0.11979,-0.3204,0.03119,-0.3464,0.20473,0.044419,0.39947,0.23966,0.24228,-0.16665,-0.085142,-0.1382,-0.12832,-0.13453,0.073322,-0.37318,-0.78301,0.29437,0.30089,-0.3446,0.098034,-0.1635,-0.73385,0.15681,-0.14019,-0.064983,-0.05965,0.11427,-0.28615,-0.071977,0.31134,0.14233,0.286,-0.29869,-0.50418,-0.50035,0.40998,0.14637,0.041807,-0.18999,0.34057,-0.054065,0.33775,-0.16366,-0.16461,-0.28449,-0.176,-0.61603,-0.42612,-0.21215,0.18981,0.13832,-0.10604,0.036626,-0.26905,0.29353,0.070662,-0.076236,0.64706,0.031755,0.41101,0.34673,-0.36024,-0.21021,-0.011434,0.22361,0.10859,-0.076919,-0.2625,-0.17233,-0.29849,0.29497,-0.19931,0.030376,-0.11221,-0.27185,0.40857,0.1555,-0.17333,0.1414,0.30026,0.06777,-0.37878,0.51228,-0.6776,-0.012201,-0.1941,0.35715,-0.13784,0.21783,0.047037,0.27365,-0.18297,0.4285,-0.35932,-0.19359,0.59553,-0.38024,-0.12187,-0.46728,0.4685,0.31217,0.025229,-0.41264,-0.49508,0.060719,-0.0014854,0.029021,-0.33642,-0.55215,-0.24339,-0.13201,-0.29301,-0.057558,-0.31699,-0.15972,-0.6739,0.22089,-0.13424,-0.16864,0.053484,0.2358,-0.53622,0.27425,0.44384,0.13842,-0.32953,-0.0089167,-0.10819,0.21773,0.40244,-0.1081,0.20674,-0.094817,0.056213,0.12056,-0.24333,-0.15327,-0.044823,-0.35999,0.022103,0.20246,-0.53322,0.71827,-0.067192,-0.40809,0.18704,-0.1777,0.27434,-0.10586,0.046137,0.06688
домашний,ru,home,N,w1,t2,0.0086921,0.88555,0.2628,-0.12854,0.16506,-0.17065,0.86707,-0.31912,0.26892,-0.073214,0.082735,-0.095631,-0.14878,0.097835,0.23081,-0.56223,0.15314,-0.22922,0.25314,-0.37134,-0.12902,-0.3913,-0.48533,0.049052,-0.27371,-0.038539,-0.081304,0.29155,0.27323,0.034559,0.12962,-0.22731,0.45231,-0.69142,-0.064718,0.15056,0.038993,-0.34274,0.52734,-0.147,-0.12293,0.44514,-0.24436,0.056527,0.11259,0.010816,-0.12546,0.22278,-0.09182,-0.29417,-0.054007,0.67743,-0.080679,-0.23285,0.51488,0.10232,-0.16331,0.18477,0.22987,-0.092656,0.44194,-0.12264,-0.014848,0.31783,0.20891,0.30165,0.12537,0.12528,0.24436,0.06873,0.1038,0.36652,-0.26631,-0.060459,-0.65312,-0.62304,0.32537,-0.042409,-0.026544,0.24236,0.064104,0.21444,0.32706,-0.33919,-0.017027,0.39041,0.16218,0.10815,0.21355,-0.15045,0.12968,0.33479,0.063334,0.046899,0.31625,-0.14878,0.2263,0.35724,0.016054,0.051248,0.13004,0.097232,-0.014841,-0.057728,0.29179,0.091209,-0.14259,-0.32334,0.074142,0.24763,0.26457,0.019781,-0.39082,0.097635,0.17378,0.039559,-0.30486,-0.37172,-0.47003,-0.15661,-0.23144,0.0022018,0.26535,0.19343,-0.21560000000000001,-0.45971,0.35815,-0.48379,0.22694,0.60163,-0.16953,-0.2253,-0.28105,-0.029954,0.18519,0.19697,0.16808,-0.29261,0.13852,0.02337,-0.37753,0.22128,-0.31473,-0.18036,0.27972,-0.055415,0.040204,0.44633,-0.27653,-0.13005,-0.068217,0.41528,-0.16376,0.070313,-0.32818,0.18714,-0.076519,-0.13095,0.022784,0.085688,-0.24476,-0.14017,0.16074,-0.0061333,-0.27883,-0.28907,-0.11737,-0.24702,-0.035922,-0.20101,-0.37042,-0.11808,-0.16637,-0.18013,-0.48703,0.087483,-0.13742,0.42232,-0.40819,-0.25095,-0.15028,0.28479,-0.71898,-0.17304,-0.11293,0.063604,0.36026,-0.19882,-0.15568,-0.24662,0.10157,0.036141,0.50874,-0.43917,-0.30217,-0.70105,0.16099,-0.3856,-0.074172,-0.21152,0.43463,0.4641,0.091823,0.20931,0.073931,-0.052399,0.31169,0.048775,0.13979,-0.02228,-0.17383,-0.52346,-0.14118,0.16383,-0.091852,0.12716,-0.17195,-0.070156,0.28788,-0.39358,0.31492,-0.4637,0.33058,-0.32003,-0.26575,0.238,-0.15785,-0.1722,0.42209,0.23992,-0.23999,0.7486,-0.56911,0.28784,0.34105,-0.19149,-0.091702,0.50969,0.12759,0.30101,-0.19683,-0.17696,-0.308,-0.3013,0.56623,-0.068976,0.59278,0.083578,-0.068429,0.35888,0.48534,-0.46286,-0.19912,-0.32538,-0.38159,-0.26052,-0.2492,0.2124,-0.42091,0.14032,-0.21959,-0.58617,-0.051147,0.1282,-0.47355,0.64465,0.015683,-0.012007,0.18119,0.40187,-0.39058,0.2831,-0.067917,-0.047173,0.076412,-0.05683,0.063973,0.28609,0.14345,0.18491,-0.11373,-0.40257,-0.3004,-0.16054,-0.21787,0.34026,-0.092544,-0.28935,0.86349,0.11977,0.13805,0.17342,0.37416,-0.14313,-0.29344,0.30791,-0.033841,0.25553,-0.2506,0.23064
дочь,ru,daughter,N,w1,t1,0.2915,-0.34493,-0.59548,0.042219,0.13176,-0.47976,-0.32387,-0.6083,0.21167,-0.11836,0.37152,0.17746,-0.42726,0.20234,-0.052343,0.27656,-0.12898,0.13677,0.37673,0.011148,0.22633,0.50102,4.4378e-6,0.073421,-0.081072,0.040305,-0.26973,-0.079961,-0.47815,-0.14913,0.27889,0.012902,-0.11515,-0.30874,0.38028,0.27734,0.15531,-0.20198,-0.035851,0.10711,0.32341,-0.058521,-0.46019,-0.4943,-0.45737,-0.1636,0.17178,-0.031048,0.050227,-0.085706,-0.10158,0.25753,-0.89552,0.069262,0.33372,0.1031,0.068275,-0.35068,-0.18334,0.47478,0.99435,0.18728,-0.44213,0.30697,0.059714,0.096016,0.41686,0.043922,-0.25204,-0.34823,0.059876,-0.046066,-0.0068721,-0.14053,-0.23884,0.03168,-0.54292,-0.11289,0.32714,0.049337,0.11091,0.31664,-0.22513,-0.087953,0.17779,-0.0037121,0.68494,0.63824,0.00274,-0.18907,0.24157,-0.12,0.44945,0.41433,-0.032963,-0.15192,-0.37332,-0.097847,0.32509,-0.11455,-0.033274,-0.066309,-0.080029,-0.7962,0.37144,0.12587,-0.060598,-0.03505,-0.11811,0.31652,-0.41851,-0.24247,0.22089,0.049335,0.035432,0.17903,0.56592,0.31103,-0.10378,-0.11936,0.33515,-0.33914,-0.16179,0.64192,0.24232,-0.17365,0.043721,0.50831,0.34792,0.30487,-0.022333,-0.16157,0.0109,0.0056202,-0.013759,0.20485,0.43421,-0.066146,0.20023,0.18057,0.25639,-0.26427,0.16528,0.17578,-0.28442,0.36973,-0.20558,0.64554,0.50125,0.1083,-0.48998,-0.048982,0.24626,-0.10385,0.28237,0.33761,-0.20486,-0.089811,0.51948,-0.20511,0.2874,0.44364,-0.0099049,-0.6071,-0.27585,-0.35304,-0.27288,-0.21587,-0.22518,-0.32789,-0.57361,-0.52274,-0.24629,-0.32454,0.12324,0.38223,-0.31886,0.12995,-0.12127,0.081088,0.19863,-0.71471,-0.22424,-0.43873,0.01113,0.04065,0.30824,-0.35334,0.21251,0.10144,0.024168,-0.21345,-0.03057,-0.33998,-0.20386,-0.75553,-0.17151,-0.56764,0.2464,-0.20904,-0.21217,0.1481,-0.039364,0.59036,0.054679,-0.12615,0.33126,-0.16314,0.36407,0.21829,0.22316,-0.42711,-0.32353,0.11734,-0.25729,-0.1371,-0.5861,-0.15909,0.093768,0.15321,-0.24876,0.37034,0.43739,-0.067241,0.030004,-0.07327,-0.18274,0.44405,0.32595,-0.11483,-0.30833,0.36717,0.0015653,0.45188,-0.12234,-0.097119,-0.060884,0.18377,-0.24565,0.12669,-0.44128,0.068615,-0.091043,0.17747,0.10591,-0.061651,-0.20849,0.34497,0.15288,0.059589,-0.018648,-0.15796,-0.31327,0.14961,-0.10252,-0.12862,-0.042505,0.13213,0.010095,0.0010239,-0.3834,-0.38665,0.098024,0.22868,-0.2066,0.63063,-0.2265,-0.022678,0.087168,0.30957,-0.34623,0.21315,0.3127,0.02027,-0.17375,-0.27034,0.4209,-0.017982,0.25387,-0.049563,0.11257,0.70923,-0.39221,-0.13197,0.10022,0.65876,-0.070821,-0.4128,0.17228,0.26135,-0.041554,-0.012695,-0.095107,0.29246,0.099334,0.46116,-0.02192,-0.14993,-0.3196,0.34013
его,ru,his,N,w1,t1,-0.047275,0.085709,-0.025655,0.031142,-0.032374,-0.0085422,0.034998,0.30425,-0.18846,0.19352,0.067318,0.2356,0.03408,0.23356,0.21,-0.069613,-0.14071,0.0030257,0.051466,0.087926,0.054294,0.045786,-0.18031,-0.098889,-0.016977,0.30255,0.046435,0.44174,0.16614,-0.21632,5.6151e-4,-0.20485,-0.048766,-0.29279,0.11472,0.15931,0.083968,-0.25401,0.025047,-0.09298,0.24056,-0.010699,-0.063985,-0.1806,-0.11414,-0.24455,-0.33327,0.12076,-0.069751,-0.16737,0.12863,0.09539,-0.086098,-0.054898,-0.14303,0.066081,0.027703,0.095102,-0.023729,0.16642,0.19544,0.019551,0.23208,0.26531,0.17342,0.16956,0.14612,0.20193,0.093669,0.10922,0.21158,0.14886,-0.084029,-0.17601,-0.42443,-0.12206,-0.11753,0.011095,0.13611,0.085886,0.021766,0.073369,0.02647,-0.092451,0.07523,-0.15035,-0.1017,0.050344,0.067033,0.14697,0.19756,-0.081615,-0.25423,-0.025868,-0.13722,-0.17233,0.10357,-4.1832e-4,0.044191,-0.14944,0.1222,0.092688,-0.074986,-0.1012,0.062135,-0.21058,-0.18767,-0.30514,0.0050231,0.54013,0.090101,0.24145,0.028463,0.086794,0.09169,0.12256,0.15052,0.017809,-0.24196,-0.1401,-0.16755,0.24624,-0.016303,-0.034617,0.049205,0.05428,0.014577,-0.12403,0.28859,-0.014019,-0.070988,-0.15759,-0.19988,0.12872,-0.056642,0.31743,-0.043043,-0.066517,0.076707,0.044512,-0.1647,-0.13451,0.10038,0.18131,0.096992,-0.15023,-0.13084,0.15492,-0.057841,-0.30442,0.083997,-0.28651,0.091703,-0.016638,-0.15928,0.071322,-0.095476,0.016093,0.11362,-0.093687,0.062052,0.074853,0.028478,-0.072321,-0.093455,0.035076,0.25899,-0.21689,0.061585,-0.1239,0.065788,-0.001963,0.12087,-0.17481,-0.007744,0.0046687,1.0548e-4,0.20324,-0.027127,0.22654,0.037081,0.17615,-0.2089,-0.29037,-0.12108,-0.13774,0.15213,-0.065307,0.035928,0.091172,0.10443,-0.18535,0.03633,-0.14305,-0.2829,-0.19781,0.15094,-0.28323,-0.033828,-0.17278,-0.2503,0.16215,0.081999,0.18095,0.054384,0.095449,-0.041206,0.13404,0.13482,-0.040765,0.048223,-0.25047,-0.057631,0.097684000000000007,-0.1505,-0.21309,-0.23715,0.0026454,0.11772,-0.080993,0.1125,0.21163,0.14427,0.070278,-0.04649,0.098919000000000007,-0.015826,0.12126,0.078684,0.091723,-0.002384,0.020848,0.44681,0.12311,-0.016191,0.062753,0.035792,-0.0059926,0.058306,-0.22506,-0.18342,0.03096,-0.10483,0.049939,0.11938,0.06935,-0.10837,-0.084406,0.18092,0.045114,0.15068,-0.18926,-0.027921,0.10956,0.0083086,-0.1039,-0.043486,-0.17984,0.0023958,-0.031577,0.019499,-0.16751,-0.034681,0.12987,0.050142,0.026064,-0.067463,-0.049271,-0.084366,0.25621,0.06093,0.037944,-0.022829,-0.045999,0.0022827,-0.23713,0.1834,0.18559,0.24227,0.16919,-0.27922,0.049124,-0.09755,0.033021,0.071065,0.12411,-0.18609,-0.23494,-0.15247,-0.20637,0.19828,0.12418,-0.34362,-0.33713,0.28207,0.18121,-0.069336,0.17583,-0.023044,-0.11172
его,ru,him,N,w1,t1,-0.047275,0.085709,-0.025655,0.031142,-0.032374,-0.0085422,0.034998,0.30425,-0.18846,0.19352,0.067318,0.2356,0.03408,0.23356,0.21,-0.069613,-0.14071,0.0030257,0.051466,0.087926,0.054294,0.045786,-0.18031,-0.098889,-0.016977,0.30255,0.046435,0.44174,0.16614,-0.21632,5.6151e-4,-0.20485,-0.048766,-0.29279,0.11472,0.15931,0.083968,-0.25401,0.025047,-0.09298,0.24056,-0.010699,-0.063985,-0.1806,-0.11414,-0.24455,-0.33327,0.12076,-0.069751,-0.16737,0.12863,0.09539,-0.086098,-0.054898,-0.14303,0.066081,0.027703,0.095102,-0.023729,0.16642,0.19544,0.019551,0.23208,0.26531,0.17342,0.16956,0.14612,0.20193,0.093669,0.10922,0.21158,0.14886,-0.084029,-0.17601,-0.42443,-0.12206,-0.11753,0.011095,0.13611,0.085886,0.021766,0.073369,0.02647,-0.092451,0.07523,-0.15035,-0.1017,0.050344,0.067033,0.14697,0.19756,-0.081615,-0.25423,-0.025868,-0.13722,-0.17233,0.10357,-4.1832e-4,0.044191,-0.14944,0.1222,0.092688,-0.074986,-0.1012,0.062135,-0.21058,-0.18767,-0.30514,0.0050231,0.54013,0.090101,0.24145,0.028463,0.086794,0.09169,0.12256,0.15052,0.017809,-0.24196,-0.1401,-0.16755,0.24624,-0.016303,-0.034617,0.049205,0.05428,0.014577,-0.12403,0.28859,-0.014019,-0.070988,-0.15759,-0.19988,0.12872,-0.056642,0.31743,-0.043043,-0.066517,0.076707,0.044512,-0.1647,-0.13451,0.10038,0.18131,0.096992,-0.15023,-0.13084,0.15492,-0.057841,-0.30442,0.083997,-0.28651,0.091703,-0.016638,-0.15928,0.071322,-0.095476,0.016093,0.11362,-0.093687,0.062052,0.074853,0.028478,-0.072321,-0.093455,0.035076,0.25899,-0.21689,0.061585,-0.1239,0.065788,-0.001963,0.12087,-0.17481,-0.007744,0.0046687,1.0548e-4,0.20324,-0.027127,0.22654,0.037081,0.17615,-0.2089,-0.29037,-0.12108,-0.13774,0.15213,-0.065307,0.035928,0.091172,0.10443,-0.18535,0.03633,-0.14305,-0.2829,-0.19781,0.15094,-0.28323,-0.033828,-0.17278,-0.2503,0.16215,0.081999,0.18095,0.054384,0.095449,-0.041206,0.13404,0.13482,-0.040765,0.048223,-0.25047,-0.057631,0.097684000000000007,-0.1505,-0.21309,-0.23715,0.0026454,0.11772,-0.080993,0.1125,0.21163,0.14427,0.070278,-0.04649,0.098919000000000007,-0.015826,0.12126,0.078684,0.091723,-0.002384,0.020848,0.44681,0.12311,-0.016191,0.062753,0.035792,-0.0059926,0.058306,-0.22506,-0.18342,0.03096,-0.10483,0.049939,0.11938,0.06935,-0.10837,-0.084406,0.18092,0.045114,0.15068,-0.18926,-0.027921,0.10956,0.0083086,-0.1039,-0.043486,-0.17984,0.0023958,-0.031577,0.019499,-0.16751,-0.034681,0.12987,0.050142,0.026064,-0.067463,-0.049271,-0.084366,0.25621,0.06093,0.037944,-0.022829,-0.045999,0.0022827,-0.23713,0.1834,0.18559,0.24227,0.16919,-0.27922,0.049124,-0.09755,0.033021,0.071065,0.12411,-0.18609,-0.23494,-0.15247,-0.20637,0.19828,0.12418,-0.34362,-0.33713,0.28207,0.18121,-0.069336,0.17583,-0.023044,-0.11172
ее,ru,hers,N,w1,t1,-0.069769,0.25681,0.036366,0.13559,0.14297,0.047185,-0.020624,0.23341,0.16097,0.16216,0.33457,0.35581,0.19927,0.31055,-0.031299,-0.14321,-0.15359,-0.080326,0.13524,0.52655,-0.046604,-0.031555,-0.042232,0.018753,0.10729,0.051651,0.30209,0.15337,0.07849,-0.095972,0.31064,-0.085776,-0.12362,-0.43156,0.1409,0.17856,-0.13813,0.22936,0.26335,-0.024858,0.45642,-0.11225,-0.16105,-0.14024,-0.16584,-0.40027,-0.33579,0.075982,-0.30763,-0.19651,0.060544,0.14682,0.1647,-0.12264,-0.063267,0.28125,0.09406,0.26106,-0.23236,-0.18306,0.29108,-0.18839,0.0046318,0.37518,0.17364,0.17537,0.066327,0.23214,0.095814,0.18388,0.15033,0.095292,-0.17302,0.063101,-0.33255,-0.15206,0.069561,0.10862,0.28854,0.21707,-0.0054161,-0.0076504,-0.0088977,-0.11527,-0.11553,-0.18129,-0.021956,-0.12476,-0.33576,0.32463,0.28044,-0.23028,0.11543,0.0033316,0.11751,-0.31696,0.15301,0.091803,-0.073373,-0.053106,0.060579,0.34094,0.034063,-0.11438,-0.089066,0.10151,-0.4155,-0.24677,-0.22759,-0.074789,0.26995,0.25857,0.037937,0.16005,-0.23597,-0.0068136,0.24515,0.26577,-0.078661,-0.13117,-0.099451,-0.24151,-0.11178,0.033685,0.027739,0.12229,0.16512,-0.12722,0.16605,0.08503,-0.049313,-0.13715,-0.4553,-0.0024295,-0.003323,0.42519,0.12143,-0.0035458,0.31461,0.49111,-0.27855,-0.19985,0.53232,0.076071,0.38851,-0.37379,-0.14893,-0.0058947,-0.022797,-0.15944,-0.08446,-0.33395,0.16894,0.052032,-0.1134,0.34553,-0.10954,0.22406,0.20403,0.35206,-0.018791,0.13855,-0.13908,-0.023873,-0.19912,-0.33192,0.56386,-0.54048,-0.17866,-0.27749,0.23713,0.089338,0.2439,0.26092,-0.08982,0.044841,-0.077586,0.15005,-0.053404,0.046135,0.073307,-0.0032519,-0.25174,-0.45391,0.18517,-0.10164,-0.19622,0.19438,0.20777,0.089171,-0.16007,0.20178,0.1459,-0.0093979,-0.10169,-0.043601,-0.16657,0.0020941,-0.17169,-0.0058251,-0.3009,-0.15357,-0.21318,0.41199,-0.11141,0.17797,-0.0088793,0.25252,-0.10776,0.060565,0.16641,-0.29649,-0.11641,-0.0068174,-0.13349,-0.13606,-0.25757,0.39792,-0.012987,-0.061307,0.13739,0.24169,0.18724,0.11404,-0.059354,0.1503,0.2039,0.11126,0.016893,0.23057,-0.13237,-0.034039,0.43766,0.22014,-0.23646,0.18772,0.12595,-0.27838,0.076009,-0.19442,-0.17765,-0.092155,-0.40979,0.21555,0.12392,-0.10345,0.12131,0.039323,0.16882,0.29832,0.17862,-0.28001,0.00386,0.26065,-0.20128,-0.07674,-0.094735,-0.17974,-0.25204,-0.23862,-0.24344,-0.25866,-0.021793,0.1476,0.19767,-0.17177,0.21322,-0.073057,0.008354,0.18665,0.14144,-0.18661,0.14582,-0.027422,0.0089273,-0.4883,0.0077379,0.22359,0.15498,0.10025,-0.20331,0.20115,-0.20735,0.30589,0.17458,0.15824,-0.18908,-0.21164,0.16014,0.045397,0.48883,0.097708,-0.24189,-0.18688,0.28813,0.29293,-0.21293,0.18631,0.088331,-0.25257
ей,ru,her,N,w1,t1,0.25515,0.25031,-0.054325,0.001718,0.11547,-0.13001,0.39629,0.013349,0.026943,0.35194,0.16559,0.11237,-0.24271,0.4592,-0.095436000000000007,-0.14223,-0.023779,-0.26086,0.14759,0.55598,-0.15028,0.024483,-0.44098,0.15321,5.2211e-5,0.039164,-0.08858,0.0194,0.192,-0.02343,0.1501,0.10234,-0.41281,-0.20893,0.16908,0.014748,-0.13029,-0.13028,0.086837,-0.10723,0.25934,-0.13864,-0.32186,-0.21823,0.055363,-0.16812,-0.021045,0.23381,-0.064939,-0.28616,-0.09023,-0.091878,-0.0732,0.19211,-0.045309,0.15165,-0.038432,0.048198,-0.14812,0.14505,0.35033,-0.16514,-0.040715,-0.22001,0.19602,0.22144,0.063741,0.32981,-0.18208,0.21015,0.24603,0.13408,-0.097506,0.28985,-0.11506,-0.25256,-0.25732,0.22379,0.31106,-0.15667,0.12056,0.3433,-0.053417,-0.19397,-0.11383,0.071625,0.20284,0.076055,0.12098,-0.14367,-0.098711,-0.2638,-0.23064,-0.10437,-0.17125,-0.044646,0.10327,-0.030648,-0.02471,-0.13008,-0.23433,-0.041901,-0.26687,-0.16428,0.2496,0.20985,0.10286,-0.11622,0.1669,0.17503,-0.12696,0.072343,-0.074883,-0.31747,-0.087342,0.17507,0.16894,0.15731,-0.30644,-0.25253,-0.063908,0.063552,0.061498,0.3619,0.013271,0.15651,0.061572,-0.29454,0.5468,0.065372,-0.2737,0.040468,-0.042714,-0.24518,-0.10291,-0.10676,0.0011075,-0.32426,0.03639,-0.18442,-0.44909,-0.28029,0.27589,0.21761,0.15698,0.067971,-0.046506,-0.20643,0.29569,-0.1239,-0.13298,-0.21745,-0.11337,0.068035,-0.35123,0.43195,-0.30064,-0.020113,0.31543,0.32363,-0.01396,0.31147,0.18092,0.01289,-0.10027,-0.089408,0.31311,-0.26736,0.038336,-0.17183,-0.03562,-0.26383,-0.0070076,-0.016955,-0.021707,0.070553,-0.0066725,0.34053,0.28543,0.054629,0.14651,0.29146,-0.20302,-0.21319,0.12266,-0.31961,0.078756,0.21132,0.40024,0.23503,0.049769,-0.41922,0.021451,-0.093951,0.0075585,-0.3265,-0.39925,0.14477,0.3267,-0.24975,-0.0051409,-0.059021,0.02899,0.28444,-0.19029,0.25355,0.016713,-0.20655,0.16106,-0.12563,0.11377,-0.072473,-0.29649,0.074758,-0.038728,-0.057137,-0.20016,0.1694,-0.27433,0.57377,-0.12015,-0.18747,0.23226,0.15071,0.085336,0.22776,-0.11405,0.15346,0.13084,-0.043878,0.030186,-0.078688,0.39218,0.32422,-0.12695,-0.02408,0.0048841,-0.43699,0.13706,0.26857,-0.17674,-0.36999,3.3361e-4,0.42457,-0.015115,0.14319,0.42336,0.0079645,0.49835,0.088985,0.27662,-0.20875,0.27947,0.26405,-0.12755,0.19819,0.10864,-0.19388,0.17942,-0.067803,-0.013531,-0.0019514,-0.39263,0.1807,-0.26768,-0.028424,-0.30877,0.035147,0.26474,0.052821,-0.12766,0.19245,0.2767,0.2057,-0.11542,-0.20523,0.074163,-0.011887,0.33051,0.19061,-0.38199,0.37512,-0.1246,0.03834,0.58917,0.067337,-0.3876,-0.48645,0.0045028,0.2768,0.23392,0.30891,-0.18512,-0.47926,0.46248,0.006628,-0.21477,0.27519,0.033929,0.30671
ей,ru,hers,N,w1,t3,0.25515,0.25031,-0.054325,0.001718,0.11547,-0.13001,0.39629,0.013349,0.026943,0.35194,0.16559,0.11237,-0.24271,0.4592,-0.095436000000000007,-0.14223,-0.023779,-0.26086,0.14759,0.55598,-0.15028,0.024483,-0.44098,0.15321,5.2211e-5,0.039164,-0.08858,0.0194,0.192,-0.02343,0.1501,0.10234,-0.41281,-0.20893,0.16908,0.014748,-0.13029,-0.13028,0.086837,-0.10723,0.25934,-0.13864,-0.32186,-0.21823,0.055363,-0.16812,-0.021045,0.23381,-0.064939,-0.28616,-0.09023,-0.091878,-0.0732,0.19211,-0.045309,0.15165,-0.038432,0.048198,-0.14812,0.14505,0.35033,-0.16514,-0.040715,-0.22001,0.19602,0.22144,0.063741,0.32981,-0.18208,0.21015,0.24603,0.13408,-0.097506,0.28985,-0.11506,-0.25256,-0.25732,0.22379,0.31106,-0.15667,0.12056,0.3433,-0.053417,-0.19397,-0.11383,0.071625,0.20284,0.076055,0.12098,-0.14367,-0.098711,-0.2638,-0.23064,-0.10437,-0.17125,-0.044646,0.10327,-0.030648,-0.02471,-0.13008,-0.23433,-0.041901,-0.26687,-0.16428,0.2496,0.20985,0.10286,-0.11622,0.1669,0.17503,-0.12696,0.072343,-0.074883,-0.31747,-0.087342,0.17507,0.16894,0.15731,-0.30644,-0.25253,-0.063908,0.063552,0.061498,0.3619,0.013271,0.15651,0.061572,-0.29454,0.5468,0.065372,-0.2737,0.040468,-0.042714,-0.24518,-0.10291,-0.10676,0.0011075,-0.32426,0.03639,-0.18442,-0.44909,-0.28029,0.27589,0.21761,0.15698,0.067971,-0.046506,-0.20643,0.29569,-0.1239,-0.13298,-0.21745,-0.11337,0.068035,-0.35123,0.43195,-0.30064,-0.020113,0.31543,0.32363,-0.01396,0.31147,0.18092,0.01289,-0.10027,-0.089408,0.31311,-0.26736,0.038336,-0.17183,-0.03562,-0.26383,-0.0070076,-0.016955,-0.021707,0.070553,-0.0066725,0.34053,0.28543,0.054629,0.14651,0.29146,-0.20302,-0.21319,0.12266,-0.31961,0.078756,0.21132,0.40024,0.23503,0.049769,-0.41922,0.021451,-0.093951,0.0075585,-0.3265,-0.39925,0.14477,0.3267,-0.24975,-0.0051409,-0.059021,0.02899,0.28444,-0.19029,0.25355,0.016713,-0.20655,0.16106,-0.12563,0.11377,-0.072473,-0.29649,0.074758,-0.038728,-0.057137,-0.20016,0.1694,-0.27433,0.57377,-0.12015,-0.18747,0.23226,0.15071,0.085336,0.22776,-0.11405,0.15346,0.13084,-0.043878,0.030186,-0.078688,0.39218,0.32422,-0.12695,-0.02408,0.0048841,-0.43699,0.13706,0.26857,-0.17674,-0.36999,3.3361e-4,0.42457,-0.015115,0.14319,0.42336,0.0079645,0.49835,0.088985,0.27662,-0.20875,0.27947,0.26405,-0.12755,0.19819,0.10864,-0.19388,0.17942,-0.067803,-0.013531,-0.0019514,-0.39263,0.1807,-0.26768,-0.028424,-0.30877,0.035147,0.26474,0.052821,-0.12766,0.19245,0.2767,0.2057,-0.11542,-0.20523,0.074163,-0.011887,0.33051,0.19061,-0.38199,0.37512,-0.1246,0.03834,0.58917,0.067337,-0.3876,-0.48645,0.0045028,0.2768,0.23392,0.30891,-0.18512,-0.47926,0.46248,0.006628,-0.21477,0.27519,0.033929,0.30671
ему,ru,him,N,w1,t2,0.22507,0.24545,0.0036899,-0.15865,0.12692,-0.088096,0.3183,-0.032613,-0.062065,0.20074,0.10966,0.010205,-0.11883,0.33826,0.0018424,-0.10568,-0.080413,0.0032645,0.094003,0.28336,-0.24853,0.069421,-0.45336,-0.04787,0.031904,0.054935,-0.27473,0.0054023,0.2995,-0.084778,-0.0059643,-0.097189,-0.46194,-0.032315,0.20595,-0.21392,0.034756,-0.12857,-0.070845,-0.21956,0.14965,-0.13157,-0.33529,-0.26634,0.12853,-0.089414,0.081423,0.21381,-0.11101,-0.45465,-0.11921,-0.19463,-0.15393,0.031149,0.010458,0.019616,-0.057394,-0.16827,0.11524,0.17219,0.3201,-0.21071,0.0082135,-0.3144,0.33983,0.11476,-0.075878,0.12771,-0.08588,0.21474,0.14214,0.14306,-0.2033,0.18607,-0.22165,-0.12483,-0.27321,0.19678,0.45421,0.0042858,0.0014219,0.43056,-0.032315,-0.076684,-0.071611,0.055129,-0.061844,0.2256,0.28332,0.12478,0.0068995,0.0028845,-0.47933,-0.13807,-0.3145,-0.2311,0.2548,-0.082421,0.043357,-0.22324,-0.17372,0.0018971,-0.065007,-0.14549,0.21085,0.032999,-0.088235,0.021557,0.13129,0.62145,-0.22111,0.10821,-0.047469,-0.28348,0.021692,0.23632,0.22314,0.31299,-0.51833,-0.256,-0.22636,0.24287,0.21958,0.28706,0.12001,0.099514,0.20295,-0.30858,0.48476,0.051177,-0.24341,-0.19322,-0.14404,-0.10597,-0.10039,-0.086782,-0.055449,-0.31967,0.14057,-0.3432,-0.45044,-0.2456,0.23344,0.22227,0.14244,0.11459,0.074414,-0.090451,0.21317,-0.20896,0.13408,-0.23901,-0.13376,-0.11383,-0.35297,0.22075,-0.42788,0.056935,0.2916,0.045379,-0.037858,0.28585,0.17725,0.11906,-0.068244,-0.014438,0.31029,-0.21263,0.07624,-0.092422,-0.052973,-0.21381,0.035051,-0.1545,-0.047518,0.085442,-0.019641,0.47561,0.16019,0.1682,0.20404,0.2798,-0.27931,-0.068321,0.12008,-0.23652,0.15296,-0.011835,0.29932,0.15727,0.073377,-0.29409,0.070603,-0.044887,-0.012381,-0.35626,-0.19181,0.10702,0.42588,-0.21749,-0.10446,-0.0058047,0.055983,0.047843,0.055558,0.11322,0.034541,-0.23163,0.18384,-0.20329,0.20383,-0.14508,-0.40699,0.11988,0.044754,-0.1749,-0.14461,0.20418,-0.19603,0.35651,-0.13965,-0.081704,0.25986,0.015185,0.11646,0.1544,-0.38845,0.10539,0.16827,-0.17557,0.083045,-0.14903,0.31714,0.081207,0.11876,-0.087919,-0.054446,-0.30589,0.011783,0.23453,-0.33841,-0.23893,0.12199,0.32947,0.016555,0.034395,0.086434,-0.011268,0.33239,-0.12218,0.22221,-0.34954,0.21205,0.12815,-0.084302,0.17434,0.27431,-0.17285,0.37913,0.11801,-0.0059605,-0.1967,-0.2863,0.18516,-0.21744,0.092056,-0.23535,0.081112,0.040411,0.16016,-0.1702,0.25329,0.0093099,0.06096,-0.1173,-0.12349,0.027867,0.13607,0.37227,0.17897,-0.56937,0.26928,-0.17885,0.068922,0.31621,0.12344,-0.34078,-0.33509,-0.15561,0.16495,0.11135,0.39721,-0.1604,-0.39951,0.30006,0.23957,0.019038,0.25557,0.10608,0.057977
женщина,ru,female,N,w1,t1,0.26835,0.044353,-0.38895,0.15006,0.19524,0.2659,0.083637,-0.45791,0.10394,-0.19108,0.22884,0.33014,0.040573,-0.017134,-0.3517,0.013921,0.20771,-0.098806,-0.064996,0.013285,0.52972,0.4565,-0.13747,0.096472,0.3075,0.041424,-0.1309,0.057953,-0.44681,-0.19925,0.24784,0.45755,-0.062069,-0.26458,0.086232,0.25949,0.13504,-0.3341,0.032362,0.074297,0.3294,0.058993,-0.2309,-0.59917,0.15917,-0.28557,-0.1011,0.14181,0.3313,-0.31162,0.059802,-0.010771,-0.53763,0.37938,0.1856,0.22366,-0.19891,-0.21246,0.037304,0.24523,0.8758,0.025727,-0.16063,0.32332,0.32931,0.10532,0.31247,0.15067,0.097572,-0.61196,-0.11084,0.13658,-0.068256,0.27051,-0.054437,0.069473,-0.09909,-0.5143,0.33303,-0.2873,0.4668,-0.0028029,0.0019908,0.25067,0.0098946,0.13507,0.41982,0.08804,-0.012416,-0.10521,-0.20828,-0.18121,-0.12414,0.057209,0.079596,0.25552,-0.20477,0.30795,0.30846,-0.13973,-0.12313,0.0023923,0.076727,-0.44053,0.19278,-0.0015923,-0.30828,-0.52011,0.0030868,-0.10291,-0.46006,-0.14797,0.24151,-0.10802,0.25229,0.24463,0.076145,0.2103,-0.42321,0.048932,0.24405,-0.16704,0.4254,-0.13836,-0.2755,-0.24317,-0.11129,-0.11158,0.66511,0.076437,-0.22913,0.17276,-0.087877,-0.012732,-0.043142,-0.16439,-0.018884,-0.23526,0.060526,0.75639,-0.39855,-0.4408,-0.21252,0.093859,-0.25913,0.19308,-0.036201,0.32986,0.21486,-0.12946,-0.37828,-0.14008,0.29757,0.065439,0.47009,0.27313,0.25494,-0.46452,0.38676,0.017018,0.47851,0.4246,-0.18072,-0.34808,0.36592,-0.31089,-0.1259,-0.13452,-0.29918,0.048005,-0.25606,0.026082,-0.33132,0.68639,-0.10589,0.59022,-0.0064965,0.22991,0.091625,-0.16956,-0.065683,0.42407,-0.2745,-0.18652,0.27558,0.23041,-0.46366,0.17316,0.25744,-0.15164,-0.1581,-0.39443,0.25204,-0.088886,-0.25188,-0.76346,-0.74619,-0.4109,0.36092,-0.31537,-0.11275,0.38494,0.23542,0.26744,-0.26918,0.60799,0.64057,0.29764,0.47523,-0.002982,0.30737,0.036004,-0.17582,0.044222,0.3016,-0.31464,-0.48511,0.082593,-0.16755,0.052979,-0.097714,-0.13676,0.049734,-0.0024498,-0.87445,-0.050375,-0.026158,0.2782,-0.346,-0.1283,-0.044463,0.19209,-0.16312,-0.053204,-0.25013,0.17178,0.3548,-0.07111,-0.17258,0.062493,-0.65782,0.52676,-0.32544,0.53571,0.35784,0.29797,0.41953,0.19094,0.23866,0.077321,0.26558,-0.30612,0.16186,-0.37124,0.060897,-0.082463,0.47416,0.0028178,0.18627,-0.049374,-0.097757,-0.19978,0.20565,0.75247,-0.31543,0.30087,-0.088591,0.29848,0.20379,0.21167,0.21423,0.11385,0.16154,0.24136,-0.36441,-0.167,0.29846,-0.19153,-0.1658,-0.11561,-0.46002,0.16536,-0.13534,0.0084194,0.58401,0.11744,-0.57608,-0.090785,-0.20552,-0.011223,-0.26368,0.21341,0.057173,0.17077,0.3828,-0.61745,0.25471,0.022115,0.13914,0.52042
женщина,ru,woman,N,w1,t1,0.26835,0.044353,-0.38895,0.15006,0.19524,0.2659,0.083637,-0.45791,0.10394,-0.19108,0.22884,0.33014,0.040573,-0.017134,-0.3517,0.013921,0.20771,-0.098806,-0.064996,0.013285,0.52972,0.4565,-0.13747,0.096472,0.3075,0.041424,-0.1309,0.057953,-0.44681,-0.19925,0.24784,0.45755,-0.062069,-0.26458,0.086232,0.25949,0.13504,-0.3341,0.032362,0.074297,0.3294,0.058993,-0.2309,-0.59917,0.15917,-0.28557,-0.1011,0.14181,0.3313,-0.31162,0.059802,-0.010771,-0.53763,0.37938,0.1856,0.22366,-0.19891,-0.21246,0.037304,0.24523,0.8758,0.025727,-0.16063,0.32332,0.32931,0.10532,0.31247,0.15067,0.097572,-0.61196,-0.11084,0.13658,-0.068256,0.27051,-0.054437,0.069473,-0.09909,-0.5143,0.33303,-0.2873,0.4668,-0.0028029,0.0019908,0.25067,0.0098946,0.13507,0.41982,0.08804,-0.012416,-0.10521,-0.20828,-0.18121,-0.12414,0.057209,0.079596,0.25552,-0.20477,0.30795,0.30846,-0.13973,-0.12313,0.0023923,0.076727,-0.44053,0.19278,-0.0015923,-0.30828,-0.52011,0.0030868,-0.10291,-0.46006,-0.14797,0.24151,-0.10802,0.25229,0.24463,0.076145,0.2103,-0.42321,0.048932,0.24405,-0.16704,0.4254,-0.13836,-0.2755,-0.24317,-0.11129,-0.11158,0.66511,0.076437,-0.22913,0.17276,-0.087877,-0.012732,-0.043142,-0.16439,-0.018884,-0.23526,0.060526,0.75639,-0.39855,-0.4408,-0.21252,0.093859,-0.25913,0.19308,-0.036201,0.32986,0.21486,-0.12946,-0.37828,-0.14008,0.29757,0.065439,0.47009,0.27313,0.25494,-0.46452,0.38676,0.017018,0.47851,0.4246,-0.18072,-0.34808,0.36592,-0.31089,-0.1259,-0.13452,-0.29918,0.048005,-0.25606,0.026082,-0.33132,0.68639,-0.10589,0.59022,-0.0064965,0.22991,0.091625,-0.16956,-0.065683,0.42407,-0.2745,-0.18652,0.27558,0.23041,-0.46366,0.17316,0.25744,-0.15164,-0.1581,-0.39443,0.25204,-0.088886,-0.25188,-0.76346,-0.74619,-0.4109,0.36092,-0.31537,-0.11275,0.38494,0.23542,0.26744,-0.26918,0.60799,0.64057,0.29764,0.47523,-0.002982,0.30737,0.036004,-0.17582,0.044222,0.3016,-0.31464,-0.48511,0.082593,-0.16755,0.052979,-0.097714,-0.13676,0.049734,-0.0024498,-0.87445,-0.050375,-0.026158,0.2782,-0.346,-0.1283,-0.044463,0.19209,-0.16312,-0.053204,-0.25013,0.17178,0.3548,-0.07111,-0.17258,0.062493,-0.65782,0.52676,-0.32544,0.53571,0.35784,0.29797,0.41953,0.19094,0.23866,0.077321,0.26558,-0.30612,0.16186,-0.37124,0.060897,-0.082463,0.47416,0.0028178,0.18627,-0.049374,-0.097757,-0.19978,0.20565,0.75247,-0.31543,0.30087,-0.088591,0.29848,0.20379,0.21167,0.21423,0.11385,0.16154,0.24136,-0.36441,-0.167,0.29846,-0.19153,-0.1658,-0.11561,-0.46002,0.16536,-0.13534,0.0084194,0.58401,0.11744,-0.57608,-0.090785,-0.20552,-0.011223,-0.26368,0.21341,0.057173,0.17077,0.3828,-0.61745,0.25471,0.022115,0.13914,0.52042
женщина,ru,girl,N,w2,t3,0.26835,0.044353,-0.38895,0.15006,0.19524,0.2659,0.083637,-0.45791,0.10394,-0.19108,0.22884,0.33014,0.040573,-0.017134,-0.3517,0.013921,0.20771,-0.098806,-0.064996,0.013285,0.52972,0.4565,-0.13747,0.096472,0.3075,0.041424,-0.1309,0.057953,-0.44681,-0.19925,0.24784,0.45755,-0.062069,-0.26458,0.086232,0.25949,0.13504,-0.3341,0.032362,0.074297,0.3294,0.058993,-0.2309,-0.59917,0.15917,-0.28557,-0.1011,0.14181,0.3313,-0.31162,0.059802,-0.010771,-0.53763,0.37938,0.1856,0.22366,-0.19891,-0.21246,0.037304,0.24523,0.8758,0.025727,-0.16063,0.32332,0.32931,0.10532,0.31247,0.15067,0.097572,-0.61196,-0.11084,0.13658,-0.068256,0.27051,-0.054437,0.069473,-0.09909,-0.5143,0.33303,-0.2873,0.4668,-0.0028029,0.0019908,0.25067,0.0098946,0.13507,0.41982,0.08804,-0.012416,-0.10521,-0.20828,-0.18121,-0.12414,0.057209,0.079596,0.25552,-0.20477,0.30795,0.30846,-0.13973,-0.12313,0.0023923,0.076727,-0.44053,0.19278,-0.0015923,-0.30828,-0.52011,0.0030868,-0.10291,-0.46006,-0.14797,0.24151,-0.10802,0.25229,0.24463,0.076145,0.2103,-0.42321,0.048932,0.24405,-0.16704,0.4254,-0.13836,-0.2755,-0.24317,-0.11129,-0.11158,0.66511,0.076437,-0.22913,0.17276,-0.087877,-0.012732,-0.043142,-0.16439,-0.018884,-0.23526,0.060526,0.75639,-0.39855,-0.4408,-0.21252,0.093859,-0.25913,0.19308,-0.036201,0.32986,0.21486,-0.12946,-0.37828,-0.14008,0.29757,0.065439,0.47009,0.27313,0.25494,-0.46452,0.38676,0.017018,0.47851,0.4246,-0.18072,-0.34808,0.36592,-0.31089,-0.1259,-0.13452,-0.29918,0.048005,-0.25606,0.026082,-0.33132,0.68639,-0.10589,0.59022,-0.0064965,0.22991,0.091625,-0.16956,-0.065683,0.42407,-0.2745,-0.18652,0.27558,0.23041,-0.46366,0.17316,0.25744,-0.15164,-0.1581,-0.39443,0.25204,-0.088886,-0.25188,-0.76346,-0.74619,-0.4109,0.36092,-0.31537,-0.11275,0.38494,0.23542,0.26744,-0.26918,0.60799,0.64057,0.29764,0.47523,-0.002982,0.30737,0.036004,-0.17582,0.044222,0.3016,-0.31464,-0.48511,0.082593,-0.16755,0.052979,-0.097714,-0.13676,0.049734,-0.0024498,-0.87445,-0.050375,-0.026158,0.2782,-0.346,-0.1283,-0.044463,0.19209,-0.16312,-0.053204,-0.25013,0.17178,0.3548,-0.07111,-0.17258,0.062493,-0.65782,0.52676,-0.32544,0.53571,0.35784,0.29797,0.41953,0.19094,0.23866,0.077321,0.26558,-0.30612,0.16186,-0.37124,0.060897,-0.082463,0.47416,0.0028178,0.18627,-0.049374,-0.097757,-0.19978,0.20565,0.75247,-0.31543,0.30087,-0.088591,0.29848,0.20379,0.21167,0.21423,0.11385,0.16154,0.24136,-0.36441,-0.167,0.29846,-0.19153,-0.1658,-0.11561,-0.46002,0.16536,-0.13534,0.0084194,0.58401,0.11744,-0.57608,-0.090785,-0.20552,-0.011223,-0.26368,0.21341,0.057173,0.17077,0.3828,-0.61745,0.25471,0.022115,0.13914,0.52042
зарплата,ru,salary,N,w1,t1,-0.032004,-0.092647,0.054706,-0.14176,-0.33822,0.17195,-0.11655,0.29657,0.33579,-0.44624,0.58384,0.0052868,0.15429,0.015127,0.67175,-0.15967,-0.19081,0.039584,0.35365,0.19353,0.60318,0.31851,-0.43643,0.35713,0.26703,-0.33664,-0.13503,-0.072548,-0.40638,-0.097259,-0.40136,-0.1073,-0.086769,-0.21542,0.04002,0.10153,-0.083904,0.17253,0.49848,0.18667,0.07174,-0.56631,-0.46307,-0.68472,-0.21234,0.13504,-0.076673,-0.58986,0.28853,0.34771,0.13947,0.08279,0.01396,-0.10733,0.6654,0.62203,0.011008,0.36328,0.53549,-0.7249,0.1734,-0.49782,0.43598,0.40829,0.09005,-0.17816,-0.075249,0.47619,0.20243,-0.1168,-0.30572,-0.0021747,-0.58126,-0.082302,-0.084353,0.40875,-0.34614,0.20977,0.28964,0.41113,0.085399,0.38579,-0.2234,-0.25622,0.045215,-0.20459,-0.3884,-0.054495,-0.022823,0.23593,-0.17657,0.33789,-0.069399,-0.171,0.25332,-0.040043,0.18086,0.16461,0.22907,-0.33988,-0.048637,0.071803,0.17907,-0.52083,0.40142,-0.21069,0.32307,0.056138,0.13397,0.5849,0.0062079,-0.046941,-0.16441,0.51182,-0.047469,0.65199,-0.018813,-0.031727,-0.40458,-0.23788,-0.17059,-0.030897,0.73776,-0.33561,0.17113,0.088791,0.011972,-0.09265,0.026686,0.25347,0.59175,-0.11103,0.0066806,-0.13291,-0.40277,-0.079802,0.033128,-0.64277,0.18791,0.64998,-0.29975,-0.088966,0.37913,-0.077134,0.23686,-0.1456,0.19391,0.76657,-0.23743,-0.099179,-0.25668,-0.28961,0.27289,-0.12926,-0.1572,0.33318,-0.0095792,-0.43042,0.87605,0.50154,0.40054,0.12545,0.51576,-0.080527,-0.13126,0.033057,-0.54318,-0.26216,0.055552,0.27421,-0.14231,-0.047462,-0.21029,0.17911,0.37109,0.20148,-0.69723,0.4669,0.2055,0.096393,-0.34343,-0.16489,-0.14756,0.078391,0.47699,0.024703,0.25987,0.14494,-0.29375,-0.15309,0.12329,-0.24219,0.1568,0.089081,0.22366,-0.36543,0.12286,0.24447,0.0090175,-0.077085,-0.14842,0.20283,-0.26935,-0.10584,0.1361,-0.44655,-0.019891,-0.056273,0.38289,0.30845,0.094148,-0.24141,0.21906,0.11427,-0.23236,0.39124,-0.27263,-0.22199,0.24227,-0.29336,-0.062595,-0.42069,0.34017,-0.15372,-0.069305,-0.035064,0.15763,0.99476,-0.41829,-0.31572,0.15909,0.07647,0.28073,-0.1651,-0.18546,-0.027914,-0.06169,0.096833,-0.24829,0.56353,-0.59011,0.080078,0.2314,-0.16481,0.096316,0.031958,0.1122,-0.1332,0.1081,0.016431,-0.015468,-0.20854,0.11997,0.1589,0.58419,0.26746,-0.42462,-0.26638,-0.22633,-0.25532,0.047527,-0.89374,0.19067,0.37758,-0.36758,-0.21389,0.0039554,0.027739,0.68013,-0.034973,0.035032,0.1475,-0.42549,0.0014332,-0.068019,8.8739e-4,0.53819,-0.22669,-0.23624,-0.059161,0.16047,-0.14895,-0.56314,-0.05086,0.49395,0.088556,-0.27525,-0.25362,-0.3039,-0.066327,-0.17574,0.54387,0.070735,0.36782,0.0033387,0.105,0.0409,-0.42418,0.0025792,0.081481
изобретательная,ru,super-imaginative,N,w2,t1,0.34856,-0.11167,-0.0041511,0.03054,-0.46391,-0.20863,0.083971,-0.15842,-0.060827,-0.13882,-0.10465,0.38332,-0.12059,0.2151,0.29723,-0.18518,-0.24574,-0.27942,0.59419,0.066441,-0.053614,0.18064,0.081128,-0.10044,-0.16706,-0.19129,-0.04571,-0.10321,-0.077546,0.073151,-0.085589,0.074029,0.021934,-0.055366,0.45556,-0.052988,0.20445,-0.18903,0.30945,0.21513,-0.31588,-0.039396,-0.05578,0.10683,0.1256,0.018235,-0.15302,0.033381,-0.21899,0.060082000000000003,0.15622,-0.4637,0.073496,0.13831,0.17595,0.0070952,-0.21503,-0.012401,-0.078819,-0.055345,0.088001,0.29023,0.030037,0.0013731,-0.026244,0.37447,0.057322,0.030064,0.069071,-0.16206,0.11137,0.071306,-0.62901,-0.17732,-0.060646,0.12628,0.44749,0.078795,0.29665,0.15021,-0.27638,-0.068442,0.23246,-0.1133,0.067385,-0.10907,0.39141,0.13214,-0.037577,-0.067639,-0.30124,-0.035358,0.055524,0.10446,0.13829,0.28754,-0.4399,0.1737,0.045623,-0.3937,0.091538,-0.19243,0.10914,-0.40918,-0.15876,0.064023,-0.22526,-0.1011,0.010861,0.40733,0.0044326,-0.022133,0.12189,-0.078714,-0.30413,0.46897,0.19878,0.33585,-0.17767,-0.36265,0.041414,0.039651,0.28609,-0.41275,-0.076247,0.48664,-0.098458,-0.19436,0.33399,-0.019689,0.10686,0.03755,-0.34072,0.15225,0.21865,0.20724,-0.10061,-0.45863,0.23339,0.26853,-0.071593,-0.25513,0.25645,0.27693,0.4645,-0.017067,-0.071667,0.28467,-0.16471,-0.14659,-0.026868,-0.3905,0.066288,0.15245,-0.099529,0.042582,0.049776,-0.047427,0.1148,-0.37188,-0.028972,0.10716,0.072101,-0.18715,-0.056958,0.25323,0.18114,0.16504,-0.5134,-0.067844,-0.23075,-0.10176,0.21560000000000001,-0.26108,-0.01134,0.38523,0.10048,-0.19531,-0.19233,-0.27917,0.065217,0.24488,-0.27264,-0.39658,0.12436,-0.064273,0.034528,0.050043,0.14861,-0.078189,0.26094,-0.37606,0.0041832,0.0047388,0.22256,0.15635,-0.47682,-0.25206,0.02409,0.085883,-0.41899,0.10617,-0.29774,-0.036097,-0.20633,0.10401,0.092129,-0.27378,0.21708,0.18092,0.15247,-0.15483,-0.52321,-0.12702,0.04605,-0.21457,-0.047581,0.29863,0.35428,0.33399,0.041752,0.52149,-0.0060786,-0.18429,-0.28407,0.26974,0.35153,0.33389,0.21349,0.067848,-0.14942,0.46202,0.084201,-0.1745,0.018509,0.18857,-0.084762,0.073351,-0.051212,0.17932,-0.62726,0.60505,0.25133,0.094108,-0.071523,-0.19497,0.45894,0.1687,0.48465,-0.029083,0.52882,-0.14629,-0.18471,0.41015,0.045696,-0.093395,-0.075483,-0.26371,0.037494,-0.037737,-0.42229,-0.13041,-0.11056,0.57033,-0.25706,0.26397,-0.52823,0.050637,-0.22088,0.020035,0.38414,-0.3117,-0.27612,0.09817,-0.19425,-0.069607,0.14314,0.082663,-0.28364,0.32591,-0.13613,-0.42833,0.12392,0.4097,0.073591,0.067843,-0.045869,-0.41097,-0.042589,-0.14481,0.1071,0.34517,-0.055717,0.17508,0.4067,0.19498,0.24334,0.072646,0.17102,0.44314
изобретательный,ru,super-imaginative,N,w2,t1,0.14219,0.048192,0.11178,-0.034217,-0.23846,-0.2165,0.44442,-0.235,-0.15374,-0.22505,-0.12247,0.23606,-0.16004,0.12291,-0.036166,-0.59672,-0.20652,0.050832,0.44368,0.24538,0.011291,0.040068,0.024157,0.1364,-0.2841,0.14226,0.024128,0.013983,-0.19492,0.12426,0.18072,0.3466,0.11242,-0.13316,0.43831,-0.31504,0.16585,-0.31341,0.11781,0.052177,-0.14306,0.17875,-0.19608,0.39345,0.20366,-0.09242,-0.17337,0.18757,-0.011343,0.013233,0.12198,-0.52941,-0.132,0.27358,0.19842,-0.24548,-0.10082,-0.16788,-0.031106,0.19199,0.031573,0.12343,0.087886,0.098447,-0.024234,0.35292,-0.11994,-0.30124,0.18757,-0.11082,0.31444,0.15109,-0.51608,-0.081654,-0.16864,0.085385,0.25326,-0.023529,0.28087,0.29394,-0.096632,-0.05663,0.34205,0.14478,0.12501,0.19047,0.29833,0.2597,-0.015922,0.010614,-0.24782,0.0145,0.010456,0.35849,-0.10022,0.019017,-0.23927,0.11384,0.032676,-0.23436,0.24666,0.22013,0.045305,-0.15345,-0.11556,-0.094191,-0.27426,-0.040478,0.023039,0.45639,0.02071,0.19526,0.021716,-0.15173,-0.21008,0.60145,0.06594,0.16821,-0.20451,-0.42515,0.20091,0.046346,0.3336,-0.36553,-0.13327,0.25568,-0.06902,-0.24754,0.27697,-0.1283,0.14536,-0.16086,-0.46691,0.20801,0.34001,0.2148,-0.1715,-0.33487,0.059494,0.041807,-0.14363,-0.10698,0.014644,0.29765,0.2073,-0.2093,-0.1588,-0.011036,-0.21869,-0.17769,0.31152,-0.19085,-0.054411,0.099651,-0.21254,0.077565,0.010798,-0.0017694,0.049306,-0.37784,-0.11409,0.14283,0.11114,0.063541,-0.15577,0.050413,0.21316,-0.10537,-0.32619,-0.1832,-0.18654,-0.28275,-0.088223,-0.29442,3.5283e-4,0.12596,0.30539,-0.29529,-0.11929,-0.27963,0.1817,0.27417,-0.24459,-0.44942,0.11506,-0.051396,0.023477,0.11334,0.03349,-0.32938,0.46017,-0.31903,-0.013996,-0.12731,0.079958,0.082419,-0.44323,-0.17986,0.057416,0.13287,-0.27141,-0.12283,-0.36726,0.0081363,-0.0486,-0.018937,-0.21895,-0.51672,0.33372,0.24362,0.28856,-0.13183,-0.15973,-0.037416,0.067246,-0.22498,0.15143,0.26326,0.12664,0.29325,-0.083499,0.20673,-0.084962,-0.18434,-0.07993,0.4307,0.27263,0.23916,0.18455,0.13806,-0.12416,0.53896,-0.18817,-0.090817,-0.031393,0.038073,-0.095117,0.20426,-0.1645,0.28631,-0.45067,0.27169,-0.16726,0.24507,0.15605,0.16088,0.49886,0.10476,0.51856,-0.010611,0.37448,-0.42905,-0.085304,0.47637,0.080621,-0.11477,-0.099265,-0.020136,-0.10593,0.035093,-0.19196,-0.24641,-0.0018156,0.35564,-0.37036,0.16213,-0.41845,-0.23485,-0.37947,-0.065984,0.15252,-0.13756,-0.16877,-0.17568,-0.10143,-0.048901,0.044524,0.17175,-0.1262,0.26736,-0.49977,-0.45881,0.2346,0.13367,0.017279,0.31532,-0.061079,-0.47051,-0.089793,-0.48079,0.086465,0.33348,-0.10782,-0.036744,0.14466,0.051955,0.045972,-0.051833,0.15659,0.29026
карьера,ru,career,N,w1,t1,0.81561,0.56614,0.34805,-0.17372,0.38523,-0.26136,0.044189,-0.30279,-0.095637,0.16342,0.29002,-0.0084082,0.043604,-0.58816,0.9666,0.43823,-0.23663,-0.10249,0.9908,-0.20163,0.17057,0.32075,0.1511,0.52074,0.46858,-0.029273,-0.12948,0.11962,0.59504,-0.0037035,0.012799,-0.015197,-0.16454,-0.56917,0.27697,0.41237,0.15573,-0.47788,0.77778,-0.25895,-0.45698,-0.43853,0.42478,-0.70294,-0.20023,-0.13375,-0.18281,-0.56923,0.039651,-0.47567,0.39247,0.22447,-0.10797,0.37555,0.46516,0.26879,-0.16546,0.0040285,0.238,-0.015374,-0.06727,0.016117,0.041542,0.39263,-0.43618,0.24546,0.18915,0.20532,0.2638,0.2319,0.26616,-0.12097,-0.59787,0.26521,-0.029989,-0.0029228,-0.13143,-0.036426,0.36031,-0.36027,0.1032,-0.28032,-0.11784,-0.4654,0.3073,-0.093181,-0.097934,0.32783,-0.15468,0.064121,-1.1179,-0.34995,0.06662,-0.29339,-0.35142,-0.064338,-0.14906,-0.25256,0.56161,-0.41377,0.20798,-0.11954,0.1203,-0.41729,0.0025908,-0.30681,0.40719,-0.39048,0.37901,0.62681,-0.31759,-0.16083,0.4579,0.65306,-0.34961,0.026665,0.26703,0.10808,-0.79487,-0.3804,-0.081732,0.19747,0.029378,-0.86434,0.10912,0.039361,0.024794,0.074711,-0.01116,0.13247,0.2377,0.1666,-0.43601,-0.60512,-0.20491,-0.14335,0.31888,-0.36106,0.68707,-0.49975,0.12622,0.03251,-0.15826,0.28471,-0.22629,0.014287,0.19281,0.46503,-0.056396,-0.069321,-0.094228,-0.58947,0.1981,-0.1116,-0.25241,-0.16986,0.34035,0.090789,0.09455,-0.03188,0.47573,0.25763,-0.25004,-0.13671,-0.14655,0.13441,0.10463,-0.63153,0.45869,-0.34685,-0.48587,0.36583,-0.0010947,-0.28247,0.060795,0.0081442,0.14219,0.36185,-0.066016,0.28387,-0.18649,0.059367,0.070814,-0.53139,0.088079,0.24893,-0.47654,-0.16298,0.029016,0.47496,0.47115,-0.63172,0.6805,0.22,0.016595,-0.6969,0.11097,-0.42287,-0.032277,-0.14202,0.012645,-0.15307,-0.52523,0.40474,-0.14655,-0.15431,0.15604,-0.040149,-0.33424,0.30066,-0.23354,-0.19633,0.12171,0.12263,-0.38486,-0.33827,-0.50416,0.1353,0.49987,0.4813,0.013736,0.58129,0.13066,-0.4608,-0.026644,-0.22143,-0.21223,0.34598,-0.3754,0.083757,-0.07253,-0.0054296,0.30069,0.46151,0.29524,0.21444,0.0087062,-0.23689,0.031228,0.02866,-0.43354,-0.04574,0.23662,0.0042751,0.0086154,-0.43201,0.041774,0.12147,-0.24796,-0.38836,0.23585,-0.16036,-0.16529,0.42397,-0.043426,0.054659,-0.29997,-0.62444,-0.18016,-0.20675,-0.52344,-0.099421,-0.49292,1.0014,0.13878,0.18238,-0.040615,-0.037958,0.25581,-0.10967,0.2219,0.45241,0.001765,0.090158,-0.11054,-0.10106,0.1893,-0.17356,0.37357,-0.31646,0.1917,0.20617,0.25892,0.20543,0.46485,0.20051,-0.24778,-0.6916,-0.23257,-0.010786,0.39361,-0.12166,-0.6143,0.23298,0.23117,-0.0010281,0.35613,-0.32183,-0.28595,0.021019
контора,ru,office,N,w1,t3,0.086292,0.09919,-0.19835,0.082162,-0.46347,-0.74836,-0.26188,-0.26904,0.62099,-0.15488,-0.036047,-0.26992,0.42084,0.17234,0.68071,-0.031898,-0.39773,-0.69804,0.56358,-0.19275,0.0069274,0.18542,-0.34177,-0.48036,0.013966,-0.24338,0.089354,-0.18409,0.36813,-0.25712,-0.069965,0.43804,0.44677,-0.82242,0.50266,0.48095,0.23759,0.047815,0.16461,0.11533,0.13246,-0.42102,-0.16164,0.22308,-0.17294,0.1749,0.35862,-0.37733,-0.11118,-0.34568,0.17987,-0.048967,0.23993,-0.1167,0.81583,0.34657,0.16446,0.028879,-0.11062,-0.15924,0.2165,-0.038233,-0.36674,-0.055898,0.0090729,-0.30495,0.45908,-0.1314,0.25558,-0.024728,0.062375,0.070025,0.10328,0.30005,0.31322,0.24551,0.57695,0.01653,0.22408,0.45295,0.048517,-0.19144,-0.061361,-0.087016,0.16615,-0.10596,-0.19536,0.24257,-0.27343,-0.10967,-0.37453,-0.32232,0.19585,-0.23928,-0.046319,0.068929,-0.25999,-0.14388,0.051565,-0.11699,-0.46189,0.24582,-0.12153,0.023432,0.56065,0.3797,-0.30737,-0.075687,-0.028494,0.77344,0.34715,-0.036242,0.47457,0.36501,-0.34628,0.23221,0.34454,0.20853,-0.045742,-0.098889,-0.203,-0.13248,0.20894,-0.78474,-0.33943,-0.033861,0.047634,-0.022688,0.24904,0.14334,0.30087,0.073418,-0.47433,-0.088265,-0.3955,-0.43184,-0.40534,-0.48818,-0.010685,0.28719,-0.16796,-0.49176,0.5243,-0.013567,0.25712,-0.086764,-0.1258,0.45559,-0.28334,-0.29016,0.031343,0.24887,0.46705,0.24099,-0.17732,0.35853,0.24186,-0.10908,0.27101,-0.51951,-0.17404,0.16113,0.229,0.039147,-0.06171,0.3365,0.034899,-0.2675,-0.1662,0.42938,-0.096859,0.039451,0.29662,0.1284,-0.25976,0.14557,-0.14292,0.12473,-0.081738,-0.12865,0.034322,0.13473,-0.011135,-0.42579,0.37469,0.34806,0.5359,-0.054275,0.38171,-0.0017943,0.42348,0.13492,-0.23108,-0.45344,-0.1448,-0.84741,-0.23979,0.2032,0.019892,0.051566,0.11327,0.10737,0.12104,0.094923,0.23521,-0.09988,0.42629,-0.25843,-0.02198,0.10201,-0.3154,-0.93054,-0.01117,0.040736,0.0011722,-0.076899,0.14954,0.33436,0.41315,-0.26205,-0.023966,0.39909,-0.42692,-0.27599,0.068966,0.51796,-0.046756,0.12206,-0.28043,-0.12493,-0.10558,0.29522,0.18484,0.19474,-0.14692,0.16911,-0.057799,-0.16074,-0.16355,0.63012,-0.25418,0.27202,-0.10247,0.23688,0.16301,-0.65555,0.18419,2.3791e-4,0.050094,0.37766,-0.22802,-0.67892,-0.058929,-0.29269,0.088939,-0.21607,-0.29321,-0.2196,-0.079713,0.14211,0.14854,-0.44409,-0.10132,-0.039182,0.11911,0.093947,0.15799,-0.22508,0.097135,0.49044,0.11227,0.12576,-0.34464,0.17908,-0.25205,-0.17626,0.27195,-0.23784,0.25773,-0.23016,0.239,0.069038,-0.23549,0.068673,0.013667,0.082744,-0.65445,-0.31586,-0.010694,0.37432,-0.35976,-0.20025,-0.27135,-0.22793,-0.41436,-0.22878,0.79734,0.13762,0.13108,-0.12844
корпорация,ru,corporation,N,w1,t1,-0.0050091,0.41594,-0.13906,0.18491,-0.18985,0.0017103,-0.29111,-0.39377,0.41671,4.2329e-4,-0.13296,0.28143,-0.041506,0.37016,0.36587,0.10733,-0.195,0.095627,0.71209,0.52384,-0.06325,-0.14941,-0.54877,0.009722,0.08459,-0.1806,-0.06348,0.39606,0.429,-0.1199,0.043831,0.37053,0.5247,-0.50826,0.25751,0.33329,0.43969,-0.29987,0.47465,-0.043349,-0.015536,-0.56525,0.13479,0.029334,0.24323,0.22758,0.14262,-0.16083,0.1727,-0.18282,0.50571,0.30134,-0.038033,-0.010399,0.24966,0.35441,-0.66837,-0.15348,0.054445,-0.2102,0.4282,0.18987,-0.096995,-0.22788,0.045534,0.043085,-0.045955,-0.20351,0.059244,-0.3031,-0.37742,0.41235,0.46798,0.14085,0.029014,0.1574,0.33764,0.13033,0.48557,0.15139,0.11912,0.2068,-0.29166,0.39814,0.38903,0.015385,-0.09039,0.49578,-0.34677,-0.41436,-0.54772,-0.45563,-0.11013,-0.35169,0.34284,0.17921,-0.028812,0.043455,0.62191,-0.34981,-0.34917,0.03334,0.34422,0.45367,0.18399,0.3474,-0.017006,0.067657,0.075995,0.59527,0.38393,-0.083498,0.25173,0.20393,-0.29509,-0.063834,-0.36729,0.29145,-0.099084,0.020754,0.45446,0.31525,0.22752,-0.53752,0.11013,-0.48145,0.24817,0.024408,0.047197,0.11269,-0.034589,0.38481,-0.29297,-0.3835,0.45479,0.1431,-0.29329,-0.56327,0.47924,0.19342,-0.28455,-0.40412,0.16937,-0.023958,0.50186,-0.060514,-0.49807,0.46788,0.060973,-0.18457,-0.12891,-0.19727,0.2458,0.4462,-0.23159,0.44538,-0.12363,-0.061591,-0.24127,-0.22289,-0.27327,-0.19259,0.36172,-0.22435,0.36587,-0.10594,-0.22992,-0.12669,-0.0021616,0.36393,-0.31044,0.28581,0.20027,-0.19428,0.29834,0.17966,-0.031834,0.13153,-0.24225,-0.3875,-0.57765,0.12815,-0.042911,0.36951,0.27125,-0.27062,-0.020993,0.05365,0.046892,0.36982,0.0079578,-0.38184,0.16903,-0.31158,-0.044026,-0.29356,-0.090178,-0.13004,0.187,0.32585,-0.24104,0.43704,0.41132,0.45613,0.18843,-0.20673,0.2464,0.087226,-0.10453,0.17557,0.4152,-0.38516,-0.62064,-0.30807,0.29617,-0.18462,0.13118,0.22462,0.33616,0.016423,0.13121,0.14891,-0.060928,0.0039521,-0.48681,0.50884,0.18283,0.083026,-0.12271,-0.13404,0.072256,0.54429,0.053768,0.18239,-0.09952,0.27854,0.25669,-0.30964,0.043232,0.11468,-0.038095,-0.032825,0.03872,0.22686,-0.038346,-0.22368,-0.027397,0.060071,0.40182,-0.04807,0.15358,-0.51636,0.11143,-0.050962,0.11615,0.457,-0.19606,-0.053513,-0.39723,-0.51556,0.10422,-0.43826,0.42654,0.2255,-0.11836,0.012898,-0.37969,-0.28257,-0.061344,-0.25683,-0.046648,0.47094,-0.023187,-0.050129,-0.49883,-0.105,0.25573,0.11446,-0.0022424,-0.21474,0.034785,-0.19002,0.43041,-0.048884,0.2963,-0.1109,0.19286,-0.28093,0.047536,0.21691,0.1697,0.3452,-0.26265,-0.32544,0.13785,0.17909,0.14247,0.010156,-0.033076,0.11272
мальчик,ru,boy,N,w1,t1,0.091362,0.022381,-0.23702,-0.068731,-0.042955,0.15508,0.32927,-0.19159,0.1399,-0.28145,0.14455,0.3719,0.28807,-0.14125,-0.093807,-0.26524,-0.057169,0.045642,0.048344,0.041194,-0.0025581,0.24813,0.18349,-0.19391,-0.079427,0.4481,-0.28317,-0.15965,0.039024,-0.07947,0.1897,0.46908,-0.21888,-0.057786,0.60814,0.24271,0.27207,-0.41428,0.030632,0.21527,0.23911,-0.085985,0.10724,-0.29413,0.0013192,-0.30338,-0.030505,0.14126,-0.015813,-0.15557000000000001,-0.0051678,-0.22452,-0.4113,0.031963,0.15906,-0.2544,-0.35646,0.030002,-0.040547,0.2403,0.61629,-0.19944,-0.13091,0.3627,0.22555,0.22859,-0.082403,0.56134,0.098919000000000007,-0.13505,0.65524,0.12711,-0.17568,-0.48044,0.21917,-0.10757,-0.19831,-0.16533,0.28428,0.15473,0.27382,-0.16874,0.1761,-0.21242,-0.086419,0.070067,0.076534,0.33378,0.52915,-0.16738,-0.18726,-0.018811,-0.37044,0.33214,-0.084147,-0.36446,-0.040255,0.1378,0.11415,-0.098421,0.098764,-0.045039,0.37341,-0.091312,0.31628,0.15307,0.16584,-0.37759,0.23305,0.28146,-0.34829,0.080078,-0.0048007,-0.0051919999999999996,0.039628,0.14678,0.24557,0.17568,-0.43571,-0.16222,-0.17639,-0.10328,0.21138,-0.023278,0.21779,-0.18159,-0.37485,0.076689,0.16477,0.2721,0.096842,-0.2142,0.21632,0.20245,0.15324,0.10149,-0.090925,-0.053052,-0.46517,-0.2144,-0.1207,0.044498,0.036377,0.13902,0.5787,0.20393,0.59247,0.19562,-0.044368,-0.24537,0.17603,-0.23989,-0.13601,-0.13944,-0.074138,0.55121,0.24458,-0.027491,0.35793,0.044626,-0.39332,0.22242,-0.14115,-0.45574,-0.14442,-0.11047,-0.23192,-0.21958,0.508,0.10883,-0.67129,0.0065954,-0.026006,0.373,0.085743,0.37641,0.35077,-0.20697,0.3832,0.27772,-0.03334,-0.11926,-0.37803,-0.2841,0.25816,0.15863,-0.21082,0.022103,0.19005,-0.30385,0.13574,-0.15662,0.3403,-0.50418,-0.14348,-0.1878,-0.2384,-0.40348,-0.10966,-0.27011,-0.11366,0.21415,0.2221,0.27956,-0.010387,0.12801,-0.23044,-0.21019,0.48106,-0.022253,0.39489,0.12994,-0.25049,0.05967,0.19835,0.025257,-0.098457,0.013884,0.12865,-0.20276,-0.33684,-0.041968,0.22731,0.024074,-0.25808,-0.074271,-0.32627,0.073465,-0.26094,-0.52919,-0.19764,0.22561,0.12542,0.13888,-0.21452,-0.083931,-0.17107,0.10983,0.42399,0.12478,-0.11975,0.10667,-0.71406,0.37373,0.11277,0.031501,0.27379,0.20321,0.19286,0.07308,0.047544,-0.38525,-0.1731,0.22834,0.050857,0.01337,-0.093356,0.060405,-0.27979,0.28868,0.11998,-0.3935,0.12455,0.35466,-0.36053,0.40454,-0.083361,-0.29534,0.34235,0.34683,-0.013161,0.39019,-0.41595,0.14234,-0.71143,-0.55385,-0.068484,-0.35494,-0.11759,0.2842,-0.35381,0.15583,0.070176,0.1159,-0.48558,0.16024,-0.25858,-0.27677,0.14276,0.0061086,0.15736,0.30594,0.10944,0.0344,0.26016,-0.33558,-0.33542,0.25995,-0.068956,0.32599
молодая,ru,girl,N,w1,t3,0.10654,-0.24294,-0.21939,-0.011019,0.099654,-0.32253,0.17594,-0.34492,0.1482,-0.09928,0.12923,0.3427,0.091364,0.073965,0.26303,0.23615,-0.37751,-0.77611,0.21884,0.24154,0.22186,-0.0081198,-0.28778,-0.16666,-0.20873,0.094769,-0.096696,-0.56317,-0.13389,0.062793,-0.14696,0.1369,-0.12377,-0.36985,0.10275,-0.04558,-0.21443,-0.40474,0.0070242,0.05217,-0.15107,-0.39703,0.18426,-0.54551,-0.0072949,-0.29784,0.041044,0.31666,0.042813,-0.25928,0.16477,-0.24618,-0.46885,0.24302,0.38137,-0.15153,-0.51368,0.065839,-0.18108,0.057099,0.68943,0.069794,-0.14751,0.065826,0.30369,0.16972,0.79296,0.19145,-0.10436,-0.47982,0.37208,-0.092399,0.026346,-0.015591,-0.20408,0.13336,0.46551,-0.30559,-0.043232,0.10851,0.30252,-0.25536,0.10772,-0.21107,0.14938,0.16128,0.063352,0.25526,0.19577,-0.011954,-0.24064,-0.15084,-0.2191,0.42044,0.29777,-0.01159,-0.37112,-0.015533,-0.0034927,-0.26668,0.096861,0.036473,-0.071561,-0.36627,0.098394,0.20337,-0.13568,-0.22304,0.07392,0.012419,-0.31405,-0.30591,-0.4386,-0.050125,-0.1213,-0.045886,-0.080135,0.4453,-0.68785,0.077777,-0.10205,0.10635,-0.18857,0.041768,0.14071,-0.084361,-0.059442,0.1028,0.1862,-0.016721,0.010079,0.27495000000000003,-0.37549,0.36058,-0.068855,-0.3476,0.18901,-0.29018,0.36996,0.49343,-0.33966,-0.28297,-0.02091,0.47217,-0.2736,-0.15217,-0.17229,0.51754,-0.11522,0.04869,-0.13131,-0.11346,0.13701,0.15949,0.18978,0.2375,0.60566,-0.046365,0.12015,-0.095351,0.046484,-0.045925,-0.30987,-0.45374,-0.17637,-0.17192,-0.13712,-0.17889,-0.3892,0.0064647,-0.60898,-0.12053,-0.099961,0.15906,-0.33249,0.085623,-0.11855,0.47095,0.14324,-0.36644,0.28767,0.12163,-0.10988,-0.47073,0.59795,0.41665,-0.23126,0.33533,0.12629,-0.22493,-0.18731,-0.034931,-0.013548,-0.23026,-0.48814,-0.28467,-0.51747,-0.43109,-0.40022,0.35237,-0.4318,0.29835,0.59486000000000006,0.29476,-0.39858,0.39943,0.051846,-0.10258,0.30852,0.25251,-0.23312,0.045611,-0.34728,-0.068872,0.35161,0.5587,-0.32894,-0.099499,0.44806,-0.058012,-0.16302,-0.12381,0.0262,-0.18587,-0.15164,-0.0081931,-0.027929,0.58281,-0.10507,0.1496,-0.15306,0.40497,-0.045078,0.1361,-0.14034,0.092014,0.15169,-0.47115,-0.003422,-0.16922,-0.39496,0.13004,-0.11047,0.44541,0.27387,-0.020536,-0.31742,0.11506,0.10472,-0.14223,-0.064095,-0.14905,-0.13609,0.23862,0.21993,0.12809,0.02519,0.23674,-0.10593,-0.25813,-0.28812,0.15927,-0.11708,0.76935,0.25966,0.13557,-0.38028,-5.4347e-4,0.17683,0.56843,0.0017766,0.31197,0.12211,0.080334,-0.12659,-0.023423,0.10403,-0.18425,-0.12663,0.19711,0.17654,0.36605,0.17649,0.049404000000000003,0.34513,0.47577,-0.27098,-0.38393,-0.0042747,0.35788,0.177,0.32269,-0.34694,0.0886,0.27132,-0.3768,-0.26124000000000003,0.2969,-0.31001,0.28141
мужской,ru,male,N,w1,t2,-0.58669,0.30106,-0.090514,0.039998,0.11541,0.087352,0.058499,0.32379,-0.078941,0.093439,-0.01523,0.036785,0.084106,0.13,-0.49505,-0.29689,0.11283,-0.05348,0.080346,0.6874,-0.069268,0.27059,0.11951,0.46394,0.46631,0.20377,0.35533,-0.53453,-0.32269,0.58118,0.22844,-0.037868,0.15265,0.16908,-0.6631,0.88017,-0.17228,-0.86623000000000006,0.45898,-0.1055,-0.011465,-0.43793,0.053042,-0.25756,-0.29634,0.055944,-0.26055,-0.23432,0.28462,-0.61258,0.13674,-0.28762,-0.1134,0.33472,-0.22615,-0.15147,0.23004,0.32143,0.29093,0.46001,-0.025196,0.095223,-0.38471,0.30638,0.25125,-0.27265,0.15782,-0.23402,0.43495,0.43352,0.11457,0.44498,0.18382,-0.11347,0.36875,-0.24857,0.013605,0.21572,-0.026781,-0.067251,0.29614,-0.25809,0.45322,0.11274,0.90173,0.11574,0.44206,-0.65787,-0.1589,-0.19066,-0.016699,-0.37757,0.033588,0.23012,0.0038487,0.049675,0.3499,-0.24338,-0.40715,-0.40521,0.48246,0.067697,-0.03671,0.10596,0.57355,0.053706,0.11421,-0.63526,0.075191,-0.17739,0.20001,-0.019571,-0.06677,-0.062433,-0.0016277,0.25081,0.15467,0.12665,-0.14683,0.0089816,0.35811,-0.16586,-0.1395,0.22662,-0.32683,-0.31925,-0.30461,-0.60304,0.15669,0.12447,0.24177,0.30362,-0.11113,0.044189,0.079507,0.040148,-0.14843,0.10054,-0.065331,0.074059,-0.53023,0.25807,-0.048868,0.38084,-0.082462,-0.33066,-0.43798,0.4178,0.33138,-0.058192,0.059491,0.059099,-0.040281,0.14494,-0.26352,0.34153,-0.32725,-0.54923,-0.33555,0.25102,-0.31565,-0.049392,-0.024903,0.30414,-0.38374,0.34758,-0.17561,-0.44506,0.02006,0.47949,-0.12871,-0.11642,-0.056497,0.32069,-0.5187,0.35274,-0.10642,0.065545,-0.17025,0.64139,-0.32802,0.016602,-0.45954,-0.062372,0.63723,0.09316,-0.46333,-0.072048,0.33425,-0.14011,0.18355,-0.60073,0.5688,-0.35192,-0.16764,-0.59183,0.37671,-0.15651,-0.22545,-0.79418,0.5281,0.5894,0.075363,0.29698,0.6063,0.22835,0.12067,-0.39714,-0.17384,-0.18961,0.081249,-0.3326,0.29524,0.010136,-0.017533,-0.19315,-0.80761,0.2239,0.29091,0.15032,-0.051608,-0.29464,0.37407,0.034016,-0.76254,0.14289,-0.026985,-0.18897,0.15616,-0.69121,-0.4525,0.64834,-0.12759,0.33815,-0.067457,0.4704,0.024767,0.50672,-0.030297,0.011977,0.2173,0.50513,-0.97203,-0.26926,0.54847,0.025337,0.21459,-0.41598,-0.15897,0.098385,0.28837,-0.46907,0.67735,-0.4078,-0.1722,0.18753,0.099549,0.0097761,-0.044248,0.78323,-0.43047,-0.42905,-0.58052,0.025524,-0.42441,0.029894,-0.20489,0.17648,0.063037,-0.1216,0.14475,0.21927,0.17175,-0.26533,0.046493,-0.45006,-0.10627,0.0010098,0.3068,0.53609,0.098852,-0.62674,-0.36775,-0.086835,-0.18345,0.56707,-0.66312,0.12678,-0.16084,-0.40846,0.41916,0.24034,0.081544,0.083352,0.80654,-0.073868,-0.086702,0.30457,-0.42952,0.087345
мужчина,ru,male,N,w1,t1,0.21639,0.10469,-0.22056,0.16079,0.15372,0.45982,0.13251,-0.43417,-0.04109,-0.27355,0.023002,0.26801,0.33562,-0.46308,-0.48959,-0.19959,0.11798,0.32182,-0.12265,-0.15677,0.34851,0.25914,-0.10949,0.12623,0.29287,0.29987,-0.15206,0.23525,-0.32264,-0.37392,-0.032408,0.77758,-0.021917,-0.062115,0.077105,0.094132,-0.090089,-0.3577,-0.10213,0.31913,0.3913,0.11596,-0.12759,-0.61287,0.11022,-0.30654,-0.20709,0.15253,0.29034,-0.27615,-0.080077,-0.10878,-0.58137,0.13323,0.1811,-0.13332,0.1805,-0.30044,-0.017595,0.16809,0.63753,-0.07787,0.0025354,0.33071,0.36502,0.11041,-0.059707,-0.060284,-0.045034,-0.40584,0.25979,-0.2049,0.2244,0.58275,0.12575,0.058689,-0.32276,-0.32479,0.19172,-0.25162,0.66418,-0.052595,0.30034,0.26287,0.2042,0.19462,0.40981,0.3148,0.55017,-0.019379,-0.31856,-0.38979,-0.36513,0.091049,-0.053576,0.11798,-0.03826,0.64494,0.28601,-0.084564,0.21956,0.11377,0.29861,-0.45122,0.28875,-0.23859,-0.15078,-0.56284,0.34708,-0.22813,-0.52851,0.11641,0.38377,-0.47571,0.18712,0.3266,0.016559,0.037303,-0.35004,0.22041,0.06987,-0.010621,0.56877,-0.24015,0.0079402,-0.57151,-0.26569,-0.11503,0.43286,-0.02645,-0.035797,0.17114,0.078028,0.37606,0.064853,-0.047138,-0.066702,-0.146,-0.48911,0.60405,-0.38586,-0.31191,-0.26957,-0.10835,0.15144,-0.17449,0.055133,0.0045158,0.30899,-0.23899,-0.3496,-0.60565,0.26566,0.040493,0.38129,0.20569,0.2609,-0.34776,0.19051,0.094031,0.094107,0.21741,-0.16531,-0.30652,0.17519,-0.048475,-0.021539,-0.21371,0.44079,0.11663,-0.42875,0.03418,-0.58749,0.81819,-0.074286,0.27728,0.053241,0.21094,0.40457,0.21113,-0.072537,0.16281,-0.66741,-0.28892,0.3437,0.17776,-0.75572,0.10765,0.60056,-0.38407,0.094082,-0.55879,0.44586,-0.23467,-0.41796,-0.51392,-0.55437,-0.11458,-0.031542,-0.16631,-0.19651,0.40275,0.13188,0.25142,-0.10812,0.67455,0.018276,-0.08386,0.50548,0.021119,0.13133,0.14578,0.090086,-0.058605,0.30866,-0.2379,-0.40556,0.093196,-0.45052,-0.28938,-0.25271,-0.072801,0.1805,0.013074,-0.85622,0.064435,-0.090014,0.5134,-0.34578,-0.32698,-0.10954,0.14172,-0.10271,-0.27391,-0.29887,0.2325,0.11329,-0.19186,-0.18939,0.30217,-0.29376,0.16109,-0.57827,0.16338,0.63003,0.0047416,0.45147,0.16841,0.16725,0.34146,0.41389,-0.56216,0.23897,-0.034248,-0.09058,-0.25232,0.43757,0.058288,0.17512,0.30696,-0.23785,-0.018657,0.030027,0.49987,-0.52395,0.2303,0.1914,0.13691,0.050973,0.11185,0.19434,0.29954,0.038021,-0.02672,-0.41716,-0.23487,0.21567,-0.16941,0.077796,-0.16508,-0.58508,-0.13784,-0.19421,0.1185,0.50708,0.19209,-0.65882,-0.017037,-0.33527,-0.46241,-0.32348,0.13059,0.052587,0.14794,0.55805,-0.80004,0.11905,-0.016833,-0.043437,0.36072
мужчина,ru,man,N,w1,t1,0.21639,0.10469,-0.22056,0.16079,0.15372,0.45982,0.13251,-0.43417,-0.04109,-0.27355,0.023002,0.26801,0.33562,-0.46308,-0.48959,-0.19959,0.11798,0.32182,-0.12265,-0.15677,0.34851,0.25914,-0.10949,0.12623,0.29287,0.29987,-0.15206,0.23525,-0.32264,-0.37392,-0.032408,0.77758,-0.021917,-0.062115,0.077105,0.094132,-0.090089,-0.3577,-0.10213,0.31913,0.3913,0.11596,-0.12759,-0.61287,0.11022,-0.30654,-0.20709,0.15253,0.29034,-0.27615,-0.080077,-0.10878,-0.58137,0.13323,0.1811,-0.13332,0.1805,-0.30044,-0.017595,0.16809,0.63753,-0.07787,0.0025354,0.33071,0.36502,0.11041,-0.059707,-0.060284,-0.045034,-0.40584,0.25979,-0.2049,0.2244,0.58275,0.12575,0.058689,-0.32276,-0.32479,0.19172,-0.25162,0.66418,-0.052595,0.30034,0.26287,0.2042,0.19462,0.40981,0.3148,0.55017,-0.019379,-0.31856,-0.38979,-0.36513,0.091049,-0.053576,0.11798,-0.03826,0.64494,0.28601,-0.084564,0.21956,0.11377,0.29861,-0.45122,0.28875,-0.23859,-0.15078,-0.56284,0.34708,-0.22813,-0.52851,0.11641,0.38377,-0.47571,0.18712,0.3266,0.016559,0.037303,-0.35004,0.22041,0.06987,-0.010621,0.56877,-0.24015,0.0079402,-0.57151,-0.26569,-0.11503,0.43286,-0.02645,-0.035797,0.17114,0.078028,0.37606,0.064853,-0.047138,-0.066702,-0.146,-0.48911,0.60405,-0.38586,-0.31191,-0.26957,-0.10835,0.15144,-0.17449,0.055133,0.0045158,0.30899,-0.23899,-0.3496,-0.60565,0.26566,0.040493,0.38129,0.20569,0.2609,-0.34776,0.19051,0.094031,0.094107,0.21741,-0.16531,-0.30652,0.17519,-0.048475,-0.021539,-0.21371,0.44079,0.11663,-0.42875,0.03418,-0.58749,0.81819,-0.074286,0.27728,0.053241,0.21094,0.40457,0.21113,-0.072537,0.16281,-0.66741,-0.28892,0.3437,0.17776,-0.75572,0.10765,0.60056,-0.38407,0.094082,-0.55879,0.44586,-0.23467,-0.41796,-0.51392,-0.55437,-0.11458,-0.031542,-0.16631,-0.19651,0.40275,0.13188,0.25142,-0.10812,0.67455,0.018276,-0.08386,0.50548,0.021119,0.13133,0.14578,0.090086,-0.058605,0.30866,-0.2379,-0.40556,0.093196,-0.45052,-0.28938,-0.25271,-0.072801,0.1805,0.013074,-0.85622,0.064435,-0.090014,0.5134,-0.34578,-0.32698,-0.10954,0.14172,-0.10271,-0.27391,-0.29887,0.2325,0.11329,-0.19186,-0.18939,0.30217,-0.29376,0.16109,-0.57827,0.16338,0.63003,0.0047416,0.45147,0.16841,0.16725,0.34146,0.41389,-0.56216,0.23897,-0.034248,-0.09058,-0.25232,0.43757,0.058288,0.17512,0.30696,-0.23785,-0.018657,0.030027,0.49987,-0.52395,0.2303,0.1914,0.13691,0.050973,0.11185,0.19434,0.29954,0.038021,-0.02672,-0.41716,-0.23487,0.21567,-0.16941,0.077796,-0.16508,-0.58508,-0.13784,-0.19421,0.1185,0.50708,0.19209,-0.65882,-0.017037,-0.33527,-0.46241,-0.32348,0.13059,0.052587,0.14794,0.55805,-0.80004,0.11905,-0.016833,-0.043437,0.36072
ней,ru,her,N,w1,t2,-0.059157,0.056841,0.009722,0.031563,0.020611,-0.070234,-0.10713,0.017988,0.091667,-0.0063019,0.38854,0.2414,0.12183,0.24034,-0.23025,-0.10656,0.012128,-0.17967,0.1935,0.36342,0.29541,-0.12041,-0.13065,-0.095473,0.085603,-0.0016103,0.067953,-0.020038,0.14701,-0.16685,-0.1603,0.20335,-0.1462,-0.19659,0.44995,0.19828,0.03917,-0.15154,0.11933,0.16547,-0.012664,-0.040688,-0.13154,-0.17645,-0.073774,0.17446,-0.45753,0.23966,-0.17702,-0.45645,-0.11538,-0.025467,-0.099586,0.14321,0.13846,0.23233,0.048239,0.08907,-0.21812,-0.073115,0.42784,-0.39141,-0.019544,0.051827,0.37034,0.15913,-0.094333,0.32046,0.18926,0.18532,0.13868,-0.042067,0.42732,0.27168,-0.11607,-0.060535,0.029246,-0.026683,0.44468,0.10829,-0.097948,0.26938,0.026291,-0.07679,0.017575,0.14276,0.16335,0.025416,0.021786,-0.20198,0.085566,-0.16733,-0.22215,-0.19275,-0.15245,0.040174,-0.045016,0.13997,-0.49393,0.17244,0.19783,0.063121,-0.22738,-0.4145,-0.009149,-0.022305,0.082925,-0.1351,-0.065239,-0.10608,0.2876,0.18473,0.02754,0.12543,0.14333,-0.034257,0.056626,0.43251,-0.040638,-0.18822,0.059863,-0.15352,-0.22305,0.30023,-0.05903,-0.079701,0.095948,0.042865,0.15982,0.063845,0.099544,0.024558,0.016541,-8.3611e-4,-0.29034,-0.01161,-0.12967,-0.14783,-0.018318,-0.14381,-0.0025771,-0.18924,0.24916,0.0037251,0.13164,-0.14254,-0.39297,-0.11645,-0.20878,-0.071186,-0.50647,-0.18625,0.098449,0.28463,-0.015928,-0.010972,-0.37216,-0.25915,0.13866,0.21383,-0.034195,0.1216,0.080667,-0.18727,0.051983,0.26317,0.22084,-0.13879,0.14152,-0.09854,-0.16747,0.10618,0.23674,0.26671,-0.039105,0.22458,-0.13727,0.25575,0.085853,0.16854,0.25464,0.12944,-0.15657,-0.50987,-0.12088,-0.019515,-0.057158,0.19019,0.21856,0.38807,-0.12998,0.015368,-0.033695,-7.3289e-4,-0.23734,-0.15552,-0.29416,0.11858,-0.44189,-0.16483,-0.17686,0.094203,0.14666,-0.10785,-0.032216,0.24096,0.012276,-0.21268,-0.0047087,0.18312,-0.1505,-0.28211,0.017755,0.090929,0.068729,-0.3864,-0.301,0.013424,0.078483,-0.054185,-0.076356,0.0016999,-0.0094498,-0.0145,0.0047972,0.3976,0.16243,0.34821,-0.032219,0.080332,-0.19602,0.23095,0.24326,0.014482,-0.21405,0.11316,-0.23729,-0.016611,0.14903,0.027518,0.02155,0.0861,-0.15324,0.18705,0.01792,0.064358,0.11156,0.12025,0.16498,-0.0048396,0.17047,-0.14053,0.26977,0.23861,0.0065777,0.20633,0.1258,-0.10516,-0.030735,0.20377,0.22081,0.045798,-0.0077972,0.19997,-0.22333,0.16866,-0.2165,0.021732,0.12671,0.27016,0.012345,0.020479,0.0030227,-0.3425,-0.10206,-0.16401,0.45393,-0.063086,-0.11488,-0.08783,0.019491,0.054599,-0.0941,0.17707,0.18413,0.23186,-0.27076,0.0024122,-0.038202,0.10559,0.14126,-0.044606,-0.27842,-0.11355,0.15631,-0.19896,0.019975,0.0084433,0.22835,0.097645
нём,ru,him,N,w1,t3,-0.18635,0.086196,0.17723,-0.083119,0.058024,0.06154,0.25682,0.076731,0.10722,0.062104,0.1421,0.0081841,0.1211,0.084261,-0.12218999999999999,-0.17585,-0.083416,-0.21415,0.22569,0.076558,0.22322,-0.11735,-0.12018,-0.083469,0.0037853,0.19513,0.010412,0.26285,0.15611,-0.15862,-0.22606,0.14968,-0.0021227,-0.13715,0.37363,-0.0456,0.12346,-0.25957,-0.018451,0.071475,-0.27807,0.041829,0.09587,0.074052,-0.31646,0.1092,-0.49377,0.1579,-0.11449,-0.34423,-0.044506,-0.074105,-0.10352,0.081492,0.16014,0.11163,-0.011692,0.015955,-0.095347,-0.24751,0.42736,-0.18426,0.16442,0.28925,0.28896,0.022379,0.043659,0.12287,0.13481,0.2708,0.032996,0.020444,0.33028,-0.12768,-0.28265,0.2018,0.092024,0.082711,0.32057,0.26791,-0.11339,0.13285,0.159,-0.060602,-0.0099865,-0.024006,0.013184,0.053698,-0.20072,0.014876,0.042405,-0.18085,-0.26712,-0.25391,-0.28295,0.01864,-0.087159,0.17773,-0.49186,0.0074044,0.34514,0.097321,-0.082713,-0.44432,0.083644,-0.14852,0.036717,0.033691,-0.085771,0.089768,0.37312,0.022221,0.027929,-0.10899,0.054923,0.13051,0.10122,0.34575,-0.10437,0.087491,-0.093567,-0.063517,-0.30665,0.13115,0.072666,-0.18588,0.075409,-0.016355,0.20371,-0.1342,0.25191,-0.13075,-0.36105,-0.086308,-0.25663,-0.060938,-0.27725,-0.026145,-0.055717,-0.18793,0.014831,0.12158,0.14852,-0.089119,0.0025028,-0.03141,-0.53408,0.10801,-0.2123,-0.16375,-0.26452,-0.15406,0.39004,0.22367,-0.10354,-0.12939,-0.21488,-0.27856,0.0073745,-0.20091,-0.027278,0.0081307,0.13869,-0.067645,-0.27823,0.24579,-0.044372,-0.096429,-0.022744,-0.034817,-0.17331,0.16128,0.31133,0.30491,-0.16561,0.1059,-0.014913,0.11014,-0.033159,0.20556,0.0079362,0.064212,-0.21934,-0.23129,-0.32406,-0.06524,0.20716,0.072463,0.047645,0.23658,0.10216,-0.44363,-0.29086,-0.043497,-0.10386,-0.28513,0.14368,0.058724,-0.17748,-0.04677,-0.24466,-0.029963,0.16081,-0.22566,-0.06362,0.11396,0.045917,-0.25977,-0.10562,0.081095,-0.033097,-0.20948,0.082527,0.10469,0.12955,-0.38217,-0.17492,-0.09934,0.061013,-0.14174,0.11116,0.029788,0.071827,0.088333,-0.09929,0.29679,-0.094137,0.019375,-0.16741,-0.02249,-0.065395,0.22329,0.19,0.069561,-0.10373,0.36523,-0.28957,0.10174,-0.069272,-0.054529,-0.12717,-0.038319,-0.052681,0.11983,0.47485,0.26996,0.021646,-0.2866,0.26946,-0.073713,-0.045946,-0.4103,0.15252,0.12566,-0.094891,0.19219,0.085153,-0.19667,0.1163,0.16943,0.050686,-0.13986,-0.057283,0.13527,-0.29482,0.352,-0.067124,-0.1772,0.0087033,0.16697,0.028776,0.32233,0.079172,-0.20119,-0.2027,-0.096785,0.45009,0.050882,-0.098815,-9.1431e-4,-0.11403,-0.083897,5.7025e-4,-0.20685,0.057971,0.17958,-0.25612,-0.1988,-0.20223,-0.17187,0.15265,0.13655,-0.20249,-0.14477,0.092593,-0.24335,0.19029,-0.071789,0.31765,-0.1236
он,ru,he,N,w1,t1,-0.10935,0.18008,0.014951,0.10534,0.12727,0.072972,0.1928,0.016523,-0.015347,0.24075,0.31997,0.37744,0.17813,0.17029,-0.0080769,-0.18862,0.0079068,0.016925,0.017017,0.2087,-0.21281,0.088797,-0.25772,-0.052216,-0.10572,-0.020291,-0.1973,0.17704,0.09867,-0.13767,0.085079,-0.11917,-0.18081,-0.05141,0.25496,-0.065665,0.075425,-0.30229,-0.0085423,0.16129,0.041111,-0.081594,0.059445,-0.17408,-0.015858,-0.046367,0.066962,0.20481,0.13842,-0.050413,-0.061499,-0.16659,-0.24694,-0.027815,0.10517,0.12981,-0.17935,-0.1988,-0.38646,0.097603,0.24978,-0.16686,-0.14166,0.21915,0.059706,-0.042448,-0.16426,0.079072,0.035641,0.14621,0.35407,0.13395,-0.083743,0.11172,-0.50249,-0.04034,-0.26521,-0.20448,0.55998,0.35698,0.16161,0.23744,0.062623,-0.12696,0.12482,-0.1447,-0.18143,0.067047,0.17156,0.12877,-0.061887,-0.011534,-0.29838,-0.093132,-0.26761,-0.13498,0.13132,-0.01085,0.20619,-0.2078,-0.003267,0.15753,0.15324,-0.026639,0.13263,0.083556,-0.057772,-0.18963,0.22707,0.42179,0.01867,0.078983,-0.08786,-9.5649e-4,0.21559,0.3782,0.2011,0.17289,-0.31371,-0.2157,-0.11699,0.092476,0.014391,-0.11175,0.2169,-0.2305,0.17999,-0.093796,0.22392,0.15898,0.24183,-0.14441,-0.17031,-0.058037,0.063755,0.061926,-0.15937,-0.033918,-0.065766,-0.17613,-0.17131,0.071303,-0.14967,0.21082,0.030636,-0.037284,0.13231,0.15722,-0.044914,-0.29254,-0.05977,-0.34488,-0.21966,0.11096,-0.12194,0.16193,-0.016185,0.14399,0.16985,0.059153,-0.099733,0.01743,0.11406,0.016916,-0.060882,0.073541,0.17606,-0.29013,0.019531,-0.036563,-0.28092,0.069115,0.001797,-0.136,0.14399,-0.012559,0.044893,0.28415,0.070703,0.19149,-0.048264,-0.1172,-0.28712,-0.37876,0.13261,0.13612,0.06935,-0.14754,-0.022922,0.24469,0.05112,-0.18438,-8.3908e-4,-0.099449,-0.06863,-0.20716,0.052106,0.096622,-0.038044,-0.17564,-0.025756,0.0028806,0.075955,-0.076139,0.011254,0.25361,-0.092835,-0.18545,-0.12191,-0.056178,-0.058809,0.033572,0.038248,0.20904,-0.09908,-0.33784,-0.096983,-0.010002,-0.11788,-0.087741,0.0052479,-0.0043103,-0.00093669999999999995,-0.049997,-0.045048,0.08753,-0.15827,0.20963,-0.084399,0.075449,0.067165,0.086106,0.21277,-0.030962,0.093258,0.18777,-0.094586,-0.058579,0.050948,0.043552,-0.1555,-0.074705,-0.12129,0.036595,0.12134,-0.18618,0.037799,-0.1516,0.067077,0.065587,-0.10547,-0.18205,-0.11175,-0.12148,-0.075181,0.10763,0.036624,-0.03774,-0.23101,0.22348,0.020566,-0.15778,0.038513,0.1916,-0.25235,0.20533,-0.30112,-0.070427,0.01135,0.1296,-0.0046163,0.20997,0.15976,-0.078248,-0.32671,-0.15497,0.033387,0.44504,0.11997,-0.073563,-0.42486,0.15125,-0.1816,-0.15776,-0.073774,0.053241,-0.16272,-0.19502,-0.13809,-0.29815,0.20686,0.19678,-0.27374,-0.091997,-0.025512,0.0037985,-0.078483,0.010688,-0.066139,-0.093102
она,ru,she,N,w1,t1,0.10071,0.20254,-0.079712,0.2824,0.10236,-0.056339,0.085678,-0.035039,0.14765,0.14618,0.40125,0.34279,-0.13071,0.47136,-0.19296,-0.22335,-0.19295,-0.30644,0.18871,0.38041,-0.018747,0.1816,-0.18888,-0.17638,-0.054192,-0.11592,0.10449,-7.5459e-4,0.13926,-0.037641,0.17895,-0.074325,-0.16038,-0.25104,0.2407,0.44824,0.01754,-0.24014,0.21852,0.2735,0.10586,-0.15659,-0.097953,-0.17538,0.0025116,-0.075148,-0.022739,0.11157,-0.05911,-0.022824,-0.11442,-0.071775,-0.092786,-0.067756,0.2069,0.32071,-0.22881,0.0071051,-0.32083,0.18963,0.48325,-0.1405,-0.19943,0.24579,-0.077732,-0.036785,0.21371,0.4066,0.040566,0.022535,0.256,0.082271,0.018249,0.23723,-0.22669,0.037543,-0.094771,-0.025603,0.24426,0.23082,0.23163,0.13973,-0.13986,-0.26318,-0.037891,-0.20892,-0.022532,-0.10158,-0.056381,-0.088895,-0.071987,-0.30362,0.0091136,-0.15465,0.0048698,0.15408,-0.15868,-0.11902,0.27478,0.10131,-0.14576,-9.2956e-4,-0.017043,-0.1694,0.03507,0.142,-0.011815,-0.36339,0.15157,0.035212,0.12155,-0.19642,-0.10207,0.038267,-0.053937,0.3285,-0.075095,0.30338,-0.16688,-0.24069,0.13483,0.001839,-0.11498,0.041202,0.040926,-0.12422,0.076445,-0.11566,0.27421,0.1323,0.16811,0.14003,-0.091952,-0.17341,-0.11574,0.24859,-0.2052,-0.2162,-0.07153,0.26626,-0.17698,0.062526,0.28444,0.26766,0.022429,-0.0088284,-0.089157,0.19502,0.1414,-0.11299,-0.40154,-0.20879,-0.080143,0.3185,0.067135,0.27165,0.061589,0.0052504,0.33737,0.11383,-0.022512,0.040263,0.078346,-0.17917,-0.033112,0.075321,0.12427,-0.1753,-0.065277,-0.065408,-0.010274,0.036194,0.13302,-0.05638,0.26852,0.10234,-0.039644,0.17772,0.014925,-0.2143,-0.0081796,0.010163,-0.073908,-0.63487,0.2861,0.15598,0.31374,0.17566,0.31663,0.47103,-0.13698,-0.2763,0.1413,-0.11593,0.010748,-0.37382,-0.098389,-0.24231,-0.019509,-0.18794,-0.018096,-0.03381,0.056905,0.36838,-0.20657,0.47093,0.18442,0.085928,-0.055759,0.076111,-0.10516,-0.012306,-0.10995,0.2458,-0.18234,-0.2453,-0.37281,0.087704,-0.042981,0.16206,0.22347,-0.036015,0.11352,-0.048101,-0.14274,0.21973,0.17685,0.14202,0.12905,0.21864,0.070103,0.16364,0.39309,0.19838,-0.071521,0.25429,0.060576,-0.3748,-0.066715,0.053267,-0.2189,-0.081142,-0.0082161,0.30081,-0.053812,0.15474,0.27219,0.11732,0.22209,0.13351,-0.020175,-0.08023,0.038685,-0.11204,-0.17915,0.040433,0.046336,-0.13463,-0.13246,-0.27439,0.12893,0.047642,-0.11756,0.28645,-0.32532,0.07924,-0.18236,-0.063087,0.41164,0.024043,0.10439,0.025637,0.21556,0.15935,-0.19,-0.26706,0.27387,0.0019641,-0.12869,-0.013891,-0.24002,0.35037,-0.16508,0.010166,0.33938,0.094431,-0.23492,-0.20063,-0.0261,-0.11638,0.53379,0.032267,-0.22123,-0.077166,-0.068485,0.082303,-0.28169,0.030367,-0.039905,0.23321
офис,ru,office,N,w1,t1,0.0012445,0.1887,0.41279,-0.17518,0.28451,-0.5475,0.13812,-0.15195,0.65863,-0.24568,0.015079,0.22494,-0.03184,0.19655,0.17561,-0.15442,-0.070513,0.081569,0.45236,0.19988,-0.037188,-0.036048,-0.73602,-0.38638,-0.3574,-0.14349,-0.13118,0.13492,0.46946,-0.39296,-0.14677,0.29151,0.47198,-0.60601,-0.31055,0.056722,0.13851,-0.29702,0.16147,0.063011,0.23111,0.032868,0.032632,0.17585,-0.017758,0.17646,0.011929,-0.13426,0.55664,-0.40868,0.043646,0.29481,-0.55349,0.20251,0.41741,-0.14911,-0.25235,-0.27006,-0.39847,0.086756,-0.27724,-0.42944,0.13804,-0.18584,-0.048338,0.069211,-0.0075431,-0.11593,0.27866,-0.15016,0.29135,-0.076139,-0.022322,-0.10218000000000001,-0.017939,0.19881,-0.23508,0.15327,0.22698,-0.02893,0.50549,0.27239,-0.091448,0.051628,0.1465,0.12903,-0.67648,0.3602,-0.028264,-0.27236,-0.38607,-0.33865,-0.24525,0.26218,-0.054666,0.14208,0.49268,0.15469,0.2822,-0.27795,-0.16965,0.20564,-0.032708,0.47204,0.53996,0.079555,-0.30237000000000003,-0.366,0.36847,0.41795,0.40098,0.20119,-0.035605,-0.21203,0.20239,0.2752,-0.057425,0.21903,-0.21905,-0.14321,-0.14455,-0.26697,0.25642,-0.30812,0.15838,-0.30538,0.15906,-0.029332,0.543,0.069419,0.42981,0.55223,0.029423,-0.24637,0.0044108,-0.15637,-0.053616,-0.061828,0.22713,0.41244,-0.10324,-0.2809,0.1328,0.12905,0.10424,-0.64722,-0.40401,0.74464,-0.36969,0.43179,-0.66783,-0.21826,0.22422,0.37831,0.065838,0.054226,-0.032139,-0.12002,0.10859,0.11309,-0.048305,-0.16416,0.077,-0.15352,-0.32365,0.37135,0.01284,-0.34914,-0.19376,-0.022497,-0.13371,0.21106,-0.051077,-0.28942,0.34139,0.084187,-0.080676,-0.015568,0.024611,-0.21881,-0.15456,-0.22266,-0.39409,-0.26747,0.69688,0.13293,0.086945,-0.071779,0.36553,-0.11584,-0.011189,-0.32569,0.092037,-0.73101,-0.039676,-0.40731,-0.59902,-1.641e-4,-0.12898,0.34884,0.0033375,0.25109,0.097018,0.049915,-0.073651,-0.36269,0.50294,0.13721,0.20983,0.38504,-0.4352,-0.18256,-0.26367,-0.12513,0.14832,-0.16681000000000001,0.060123,-0.18864,-0.17769,0.076637,-0.17962,-0.34795,0.0057545,0.015987,0.22957,0.36614,-0.14351,0.40357,0.046761,-0.0046471,0.24796,0.83412,-0.33879,0.18711,-0.15569,0.42828,0.043844,0.025656,0.12666,0.5349,0.49828,-0.0011586,-0.33212,0.2161,0.2228,-0.1587,0.088264,-0.10089,-0.032496,0.31984,0.32451,-0.35924,-0.26342,0.24562,0.24911,-0.14765,-0.33073,-0.23723,-0.29525,-0.26953,-0.20761,-0.43598,-0.007302,-0.073755,-0.13472,0.025289,0.093168,0.11361,-0.19596,0.35337,-0.25645,0.31634,-0.0039317,0.097094,0.023745,0.10753,-0.17419,0.39105,0.43884,-0.62579,0.27973,-0.023867,-0.093599,0.38419,-0.43219,-0.24647,-0.35916,-0.079414,-0.46799,0.25777,-0.49447,0.19361,-0.25442,-0.26969,0.15325,-0.3319,0.38299,0.11116,0.060314,-0.5952
очень,ru,super-imaginative,N,w1,t1,0.15558,0.35976,0.02194,-0.033484,-0.078671,-0.19344,0.25497,0.1206,0.076885,-0.009599,0.20335,0.38549,0.18603,0.27009,-0.0057328,-0.15678,-0.060778,-0.2078,0.077471,0.35722,0.21307,-0.16588,-0.074217,-0.23854,0.059614,0.015403,-0.29609,-0.027379,-0.1029,0.13504,-0.14908,0.20395,0.13326,-0.015113,0.14539,0.044011,-5.9573e-5,0.2625,0.36886,-0.030174,-0.095389,-0.12617,-0.3847,0.25742,0.039816,-0.023752,0.12359,0.058015,-0.23106,-0.14353,0.12811,-0.10491,0.010764,-0.15818,0.25882,0.035028,0.061782,-0.30121,-0.10451,0.15088,0.34196,0.0092118,-0.18307,0.25708,0.19548,0.094485,0.09033,-0.072889,0.25866,-0.086963,0.58952,0.034081,-0.041944,-0.0051851,-0.05164,-0.0021042,0.56322,-0.18659,0.33657,0.12357,0.072297,0.30108,0.073641,-0.03111,-0.023695,0.091321,-0.11144,-0.014779,-0.01097,0.20134,-0.16004,-0.053347,-0.20913,0.21162,-0.40126,0.065037,0.14801,0.040015,0.13154,-0.090029,0.25761,0.10902,-0.13008,-0.28942,-0.031491,-0.35882,-0.049178,-0.19888,0.017223,0.38561,0.0031859,-0.13513,-0.258,0.12295,-0.05305,0.27747,0.18286,0.14719,-0.41117,-0.17552,0.20432,0.07915,0.032718,0.062712,-0.022761,-0.13687,0.085711,0.17371,0.20986,-0.15395,0.10265,-0.1643,-0.33649,0.0072878,-0.21575,0.053816,0.079128,-0.22155,0.046641,-0.020131,-0.20451,-0.1398,-0.12976,0.071341,0.39122,-0.026031,-0.090515,-0.091477,-0.33839,-0.044233,-0.13114,-0.27387,-0.21005,-0.25476,-0.15403,-0.079558,-0.23964,-0.34318,0.098851,0.08892,0.20257,0.22741,-0.065149,0.15812,-0.28565,0.10358,0.19254,0.081811,-0.073718,-0.23188,-0.20458,-0.18691,0.062562,0.28846,-0.19529,-0.11451,0.074341,0.19544,-0.11019,0.43161,0.059607,-0.052219,-0.21737,-0.19975,-0.15104,0.016904,0.16564,0.21,0.32696,-0.027704,-0.08606,-0.32566,-0.0075869,-0.31256,-0.34539,-0.30855,-0.08084,-0.12027,-0.17633,0.047146,-0.61343,0.31919,-0.23474,-0.15513,0.081471,0.077146,-0.27188,-0.30972,-0.008598,0.014798,0.23699,0.1015,-0.22909,-0.051403,-0.12424,-0.12661,0.071932,0.34309,0.22938,-0.15608,0.20831,-0.30025,0.06348,0.27036,0.13496,0.30943,0.068764,0.14971,0.28342,0.23198,0.13169,0.057255,0.36141,0.13991,-0.29861,0.31657,-0.13593,-0.20146,0.095181,-0.137,-0.23284,0.068275,-0.019927,0.057805,0.17419,-0.039166,0.20082,0.2412,-0.055266,0.33278,-0.13253,-0.17074,-0.1228,0.18902,-0.10148,0.090102,-0.27652,0.041687,-0.23257,-0.22169,-0.30419,0.057545,-0.13209,0.3796,0.083769,0.10462,0.17304,0.18442,0.12735,0.20759,0.38894,-0.1929,-0.090884,-0.063189,-0.17478,0.066418,0.15477,0.081543,-0.32924,0.2333,-0.3587,0.073458,-0.14785,-0.16554,0.17617,0.10013,-0.24589,-0.37258,-0.22773,0.11315,0.45158,0.27768,-0.08825,0.18749,0.23549,-0.14421,-0.20323,-0.40584,0.015119,0.27863
очень,ru,super-smart,N,w1,t1,0.15558,0.35976,0.02194,-0.033484,-0.078671,-0.19344,0.25497,0.1206,0.076885,-0.009599,0.20335,0.38549,0.18603,0.27009,-0.0057328,-0.15678,-0.060778,-0.2078,0.077471,0.35722,0.21307,-0.16588,-0.074217,-0.23854,0.059614,0.015403,-0.29609,-0.027379,-0.1029,0.13504,-0.14908,0.20395,0.13326,-0.015113,0.14539,0.044011,-5.9573e-5,0.2625,0.36886,-0.030174,-0.095389,-0.12617,-0.3847,0.25742,0.039816,-0.023752,0.12359,0.058015,-0.23106,-0.14353,0.12811,-0.10491,0.010764,-0.15818,0.25882,0.035028,0.061782,-0.30121,-0.10451,0.15088,0.34196,0.0092118,-0.18307,0.25708,0.19548,0.094485,0.09033,-0.072889,0.25866,-0.086963,0.58952,0.034081,-0.041944,-0.0051851,-0.05164,-0.0021042,0.56322,-0.18659,0.33657,0.12357,0.072297,0.30108,0.073641,-0.03111,-0.023695,0.091321,-0.11144,-0.014779,-0.01097,0.20134,-0.16004,-0.053347,-0.20913,0.21162,-0.40126,0.065037,0.14801,0.040015,0.13154,-0.090029,0.25761,0.10902,-0.13008,-0.28942,-0.031491,-0.35882,-0.049178,-0.19888,0.017223,0.38561,0.0031859,-0.13513,-0.258,0.12295,-0.05305,0.27747,0.18286,0.14719,-0.41117,-0.17552,0.20432,0.07915,0.032718,0.062712,-0.022761,-0.13687,0.085711,0.17371,0.20986,-0.15395,0.10265,-0.1643,-0.33649,0.0072878,-0.21575,0.053816,0.079128,-0.22155,0.046641,-0.020131,-0.20451,-0.1398,-0.12976,0.071341,0.39122,-0.026031,-0.090515,-0.091477,-0.33839,-0.044233,-0.13114,-0.27387,-0.21005,-0.25476,-0.15403,-0.079558,-0.23964,-0.34318,0.098851,0.08892,0.20257,0.22741,-0.065149,0.15812,-0.28565,0.10358,0.19254,0.081811,-0.073718,-0.23188,-0.20458,-0.18691,0.062562,0.28846,-0.19529,-0.11451,0.074341,0.19544,-0.11019,0.43161,0.059607,-0.052219,-0.21737,-0.19975,-0.15104,0.016904,0.16564,0.21,0.32696,-0.027704,-0.08606,-0.32566,-0.0075869,-0.31256,-0.34539,-0.30855,-0.08084,-0.12027,-0.17633,0.047146,-0.61343,0.31919,-0.23474,-0.15513,0.081471,0.077146,-0.27188,-0.30972,-0.008598,0.014798,0.23699,0.1015,-0.22909,-0.051403,-0.12424,-0.12661,0.071932,0.34309,0.22938,-0.15608,0.20831,-0.30025,0.06348,0.27036,0.13496,0.30943,0.068764,0.14971,0.28342,0.23198,0.13169,0.057255,0.36141,0.13991,-0.29861,0.31657,-0.13593,-0.20146,0.095181,-0.137,-0.23284,0.068275,-0.019927,0.057805,0.17419,-0.039166,0.20082,0.2412,-0.055266,0.33278,-0.13253,-0.17074,-0.1228,0.18902,-0.10148,0.090102,-0.27652,0.041687,-0.23257,-0.22169,-0.30419,0.057545,-0.13209,0.3796,0.083769,0.10462,0.17304,0.18442,0.12735,0.20759,0.38894,-0.1929,-0.090884,-0.063189,-0.17478,0.066418,0.15477,0.081543,-0.32924,0.2333,-0.3587,0.073458,-0.14785,-0.16554,0.17617,0.10013,-0.24589,-0.37258,-0.22773,0.11315,0.45158,0.27768,-0.08825,0.18749,0.23549,-0.14421,-0.20323,-0.40584,0.015119,0.27863
профессионал,ru,professional,M,w1,t1,0.47961,0.55666,0.20311,0.1745,0.34607,0.53744,0.045568,-0.62881,0.1556,-0.3629,-0.21614,0.29491,0.12585,0.070065,0.10972,-0.12038,-0.31757,0.57466,0.17471,0.24768,0.40795,-0.016138,-0.47176,0.4272,0.27097,-0.82983,-0.11333,0.1421,-0.28762,-0.30971,-0.098046,0.093574,-0.11807,0.13134,-0.40693,0.18919,-0.48502,-0.44302,-0.046847,0.088923,0.25504,-0.34176,0.20397,-0.34306,0.12635,-0.055831,-0.23475,-0.068489,-0.1511,-0.29757,0.016894,-0.50935,-0.41007,0.20372,0.62035,-0.07394,-0.10805,-0.0085742,0.40467,0.24026,-0.084873,-0.12175,-0.017638,0.45397,-0.31057,0.15013,-0.34093,-0.22724,-0.029773,-0.28065,0.62422,-0.25456,-0.10653,0.20428,-0.16495,0.3566,-0.042644,0.061206000000000003,0.896,0.39948,-0.29547,0.28681,0.28949,0.28579,0.19424,-0.0060337,-0.27091,0.25482,-0.095513,-0.12025,-0.17423,0.083517,0.45141,-0.006997,0.044687,-0.48361,-0.12323,0.27236,0.041527,-0.70168,0.43236,-0.083861,0.20255,-0.0024595,0.12734,0.12764,-0.15183,-0.09967,-0.084396,0.23128,-0.22793,-0.63507,0.19949,-0.018162,-0.40632,0.13339,0.15032,-0.0602,-0.46057,-0.35128,-0.054226,0.035906,0.76462,-0.25228,0.33033,0.52552,-0.34037,0.046076,0.12,-0.0026718000000000002,0.53634,-0.23095,-0.78601,0.40323,0.25477,0.26048,0.27293,0.10721,0.41795,0.095231,0.0078136,-0.26134,0.37087,0.24442,0.026253,-0.36473,-0.14637,-0.18792,-0.16671,-0.10343,-0.31916,-0.17801,0.10648,-0.62481,-0.45516,0.4468,-0.049489,-0.015597,0.079577,0.4113,-0.15559,0.12683,-0.016399,0.0094442,-0.091945,0.35331,-0.033183,-0.71337,-0.01777,0.14366,-0.20977,-0.34487,-0.38255,0.4775,0.16827,0.017169,0.34576,-0.61483,-0.11523,-0.015227,-0.16452,-0.011011,-0.3413,-0.13522,0.039551,0.10683,0.26473,0.32529,-0.086542,-0.13931,0.28162,0.0098223,0.25808,0.066779,-0.094461,-0.40965,-0.4649,0.015713,-0.21246,0.23056,0.0093281,-0.22676,-0.1473,-0.1259,-0.038317,0.019497,0.64681,-0.088298,0.64094,0.2218,0.34633,0.27876,0.011876,0.22852,-0.32556,-0.086054,-0.4793,-0.10195,0.36909,-0.21613,-0.15361,-0.21255,0.10415,-0.47451,-0.11987,-0.027018,0.14686,0.27024,-0.3517,0.1699,0.037635,0.26346,0.54615,-0.30416,0.0056886,0.26807,-0.064594,-0.31767,-0.14938,0.20332,-0.137,0.20069,-0.050805,0.53764,0.6227,0.0010749,0.37058,0.31026,-0.070847,0.038767,0.13131,-0.6624,0.05336,0.34549,0.48691,0.084449,-0.17559,0.07754,-0.60076,0.24415,-0.62819,0.032147,-0.24254,-0.0036574,-0.67116,0.43673,-0.30472,-0.029229,0.2537,-0.13738,0.34422,0.48301,-0.026555,-0.51025,-0.033948,-0.040113,0.21523,-0.25295,0.31171,-0.082018,-0.19175,0.18298,0.1866,0.31333,-0.10066,0.23626,-0.36948,-0.30459,-0.038078,-0.28943,0.54071,-0.14376,0.15528,-0.022781,0.11378,0.26601,-0.067962,-0.18892,-0.18248,0.063191
профессионалка,ru,professional,F,w1,t1,0.25229,0.2387,-0.028632,0.18843,-0.01322,0.10251,0.14036,-0.33986,0.097864,-0.14213,0.15705,0.37349,-0.0066608,-0.10501,0.23404,-0.33336,-0.20194,0.32369,0.37937,0.16786,0.36365,0.02008,-0.3317,0.46685,-0.018807,-0.56595,-0.049761,-0.19015,-0.15953,-0.2949,-0.34907,-0.061252,-0.20046,-0.0083314,-0.097945,0.34817,-0.1912,-0.31843,0.28148,0.13028,0.02677,-0.3536,0.014561,-0.17759,0.1007,-0.19452,-0.10365,-0.08632,-0.1206,-0.3105,0.12811,-0.26623,-0.20006,-0.078595,0.23083,0.0067488,-0.11047,0.19924,0.54823,-0.080355,0.25454,0.11512,-0.043174,0.16375,-0.035113,0.08556,-0.21534,0.17611,0.19988,-0.12408,0.32195,0.14122,-0.42241,0.12935,0.049828,0.34181,-0.031899,0.012527,0.6476,0.28889,-0.15726,0.31766,0.07016,0.0018674,0.23639,-0.069632,-0.19267,0.18819,0.048187,0.16094,-0.20822,0.049247,0.15091,0.017361,0.20489,-0.24701,-0.24629,-0.066976,-0.013282,-0.37822,0.50772,-0.20821,0.024366,-0.29793,0.20425,-0.075286,0.019586,-0.025117,0.10687,-0.013313,-0.11287,-0.38929,0.36744,0.17263,-0.26235,0.18258,-0.0014487,0.071022,-0.084235,-0.13283,0.10153,-0.11847,0.24652,-0.096338,0.12654,0.41842,-0.11349,0.080626,0.12344,0.18206,0.36969,-0.16948,-0.49857,0.17174,0.10005,0.25916,0.24702,-0.098985,0.30478,0.2561,-0.22309,-0.49909,0.19485,0.23752,0.05176,-0.29528,-0.11899,0.14148,-0.33224,-0.1471,-0.26041,-0.10523,0.092756,-0.31572,-0.37899,0.26414,0.057203,-0.12085,0.18614,0.43056,0.033473,0.076705,-0.035295,-0.021059,-0.28327,0.36579,-0.11457,-0.43735,0.13283,-0.1412,0.16152,-0.032554,0.21598,0.12436,0.32676,-0.043193,0.21644,-0.43982,-0.039906,-0.010691,-0.026569,0.35022,-0.25497,-0.068323,0.1529,0.12078,0.18773,0.28258,-0.11761,-0.12897,0.2175,-0.037546,0.41833,0.25501,0.081033,-0.54593,-0.37395,0.037642,-0.012126,0.1399,0.10381,-0.10685,-0.32,0.15714,-0.06094,-0.034278,0.33263,-0.093622,0.44392,0.17372,0.010496,-0.066091,-0.24335,0.0091437,-0.08471,-0.082384,-0.33266,-0.073993,0.36311,-0.16534,0.053912,-0.02631,0.05616,-0.41304,-0.040426,0.09356,0.17087,0.19377,-0.21008,0.12888,-0.086867,-0.007462,0.45119,-0.1025,0.0813,0.054274,-0.23998,-0.3351,-0.48093,0.096399,-0.30024,0.12961,-0.02216,0.23493,0.61165,0.0086879,0.30812,0.18416,-0.061841,0.18159,0.3099,-0.37432,0.14962,0.22176,0.47443,-0.12959,-0.25529,0.096602,-0.33314,0.144,-0.49151,-0.31351,-0.30895,0.25062,-0.37932,0.2191,-0.36326,-0.21791,0.33596,-0.075343,0.25996,0.30244,-0.19452,-0.3866,-0.059408,0.10812,0.26827,-0.30705,0.33919,-0.0089976,-0.13334,-0.029878,-0.046722,0.24002,0.20609,0.20725,-0.31584,-0.5152,-0.08194,-0.078989,0.35636,-0.2568,0.17731,0.0093486,0.20917,-0.036627,-0.0208,-0.018808,-0.21443,0.14122
родители,ru,parents,F,w1,t1,0.050135,-0.066946,0.016801,0.1668,0.075712,6.5339e-4,0.25853,0.1287,-0.0052379,-0.23494,3.428e-4,0.13784,-0.30355,0.096382,0.20381,-0.38512,-0.80375,0.26541,0.1694,0.14712,0.073761,0.073583,-0.063986,0.0041088,-0.096106,0.48794,0.045634,-0.11502,-0.25743,-0.074241,0.042915,0.10557,-0.24913,-0.16835,0.21798,0.45343,0.2699,-0.29838,0.035995,-0.054068,0.48289,-0.074526,-0.35532,-0.57293,-0.078431,-0.25729,-7.6517e-4,-0.20374,-0.027555,-0.2545,-0.099699,0.22947,-0.37501,0.012683,0.57263,-0.26193,-0.24996,-0.048771,-0.030357,0.28174,0.063771,0.11446,-0.35941,0.42034,0.10475,0.20375,0.19834,0.24227,-0.09274,-0.29603,0.07932,-0.10986,-0.31714,-0.59259,0.22385,-0.064401,-0.52478,0.04648,0.44014,0.2613,0.22106,0.29374,-0.21896,-0.096757,0.0091869,-0.19842,0.49809,0.24813,0.211,0.10641,-0.075209,-0.0056098,0.012838,0.63161,-0.19054,-0.097514,-0.072002,0.13915,0.25566,-0.25087,-0.089062,-0.12248,0.19237,-0.71135,0.29347,-0.1154,-0.033187,-0.41393,0.0058864,0.15101,-0.19177,-0.13165,-0.15362,0.0669,0.24318,0.011322,0.57998,0.055965,-0.23512,-0.16602,0.42246,-0.43367,0.016519,-0.11161,0.065733,-0.0083954,0.047839,0.2245,0.37469,-0.0045326,-0.0074499,-0.34828,-0.050449,-0.030487,-0.050473,0.0088239,0.22367,-0.17291,-0.10988,-0.07659,-0.37872,-0.21558,0.19505,0.40712,0.16226,-0.079471,0.37312,-0.12868,-0.037235,0.073983,-0.10721,-0.070809,0.20542,-0.11679,-0.090999,0.1615,-0.18951,-0.21007,0.51462,0.10938,0.10874,-0.16479,0.085706,-0.20251,-0.31164,-0.053255,-0.25062,-0.011221,0.30811,-0.0287,-0.043387,0.12956,0.27052,-0.23139,0.022658,-0.03249,0.23363,-0.23701,-0.031619,0.073855,-0.055419,-0.1421,-0.053431,-0.35634,0.079092,-0.43546,-0.017006,-0.031759,0.47116,-0.28237,0.37674,0.0043009,-0.078152,-0.35839,-0.016268,-0.68557,0.10714,-0.54886,-0.46289,-0.31088,-0.29683,0.115,0.47657,0.39804,-0.16863,-0.37009,-0.31144,0.021396,0.56468,0.091098,0.33037,-0.10884,-0.20152,-0.03699,-0.34644,0.21785,-0.24047,-0.054437,0.08282,0.09832,-0.14137,0.13778,0.64875,0.33797,0.13311,0.38495,-0.38802,-0.19057,0.1084,-0.06078,0.12707,0.36108,0.32161,0.37327,-0.6275,-0.12246,-0.20466,0.48633,-0.16913,-0.23326,-0.10323,0.14586,-0.4401,0.40639,0.26578,-0.11631,-0.23526,0.54342,0.2207,0.079371,-0.074919,-0.15607,-0.41126,0.27949,0.5166,0.026612,-0.19856,-0.2454,0.030642,-0.24596,0.0057362,-0.19921,-0.26246,-0.076101,-0.39321,0.4759,-0.10896,-0.27706,0.24368,0.3653,-0.45998,0.28999,0.27185,-0.079852,-0.38388,-0.17749,0.33671,-0.41377,0.33324,0.095596,-0.012925,0.23502,-0.28908,0.015909,-0.27105,0.052052,-0.11696,-0.43169,0.3227,0.065639,0.43229,0.35174,0.023253,-0.19057,0.7739,0.0029002,-0.075737,0.18432,0.030278,0.21426
родители,ru,parents,M,w1,t1,0.050135,-0.066946,0.016801,0.1668,0.075712,6.5339e-4,0.25853,0.1287,-0.0052379,-0.23494,3.428e-4,0.13784,-0.30355,0.096382,0.20381,-0.38512,-0.80375,0.26541,0.1694,0.14712,0.073761,0.073583,-0.063986,0.0041088,-0.096106,0.48794,0.045634,-0.11502,-0.25743,-0.074241,0.042915,0.10557,-0.24913,-0.16835,0.21798,0.45343,0.2699,-0.29838,0.035995,-0.054068,0.48289,-0.074526,-0.35532,-0.57293,-0.078431,-0.25729,-7.6517e-4,-0.20374,-0.027555,-0.2545,-0.099699,0.22947,-0.37501,0.012683,0.57263,-0.26193,-0.24996,-0.048771,-0.030357,0.28174,0.063771,0.11446,-0.35941,0.42034,0.10475,0.20375,0.19834,0.24227,-0.09274,-0.29603,0.07932,-0.10986,-0.31714,-0.59259,0.22385,-0.064401,-0.52478,0.04648,0.44014,0.2613,0.22106,0.29374,-0.21896,-0.096757,0.0091869,-0.19842,0.49809,0.24813,0.211,0.10641,-0.075209,-0.0056098,0.012838,0.63161,-0.19054,-0.097514,-0.072002,0.13915,0.25566,-0.25087,-0.089062,-0.12248,0.19237,-0.71135,0.29347,-0.1154,-0.033187,-0.41393,0.0058864,0.15101,-0.19177,-0.13165,-0.15362,0.0669,0.24318,0.011322,0.57998,0.055965,-0.23512,-0.16602,0.42246,-0.43367,0.016519,-0.11161,0.065733,-0.0083954,0.047839,0.2245,0.37469,-0.0045326,-0.0074499,-0.34828,-0.050449,-0.030487,-0.050473,0.0088239,0.22367,-0.17291,-0.10988,-0.07659,-0.37872,-0.21558,0.19505,0.40712,0.16226,-0.079471,0.37312,-0.12868,-0.037235,0.073983,-0.10721,-0.070809,0.20542,-0.11679,-0.090999,0.1615,-0.18951,-0.21007,0.51462,0.10938,0.10874,-0.16479,0.085706,-0.20251,-0.31164,-0.053255,-0.25062,-0.011221,0.30811,-0.0287,-0.043387,0.12956,0.27052,-0.23139,0.022658,-0.03249,0.23363,-0.23701,-0.031619,0.073855,-0.055419,-0.1421,-0.053431,-0.35634,0.079092,-0.43546,-0.017006,-0.031759,0.47116,-0.28237,0.37674,0.0043009,-0.078152,-0.35839,-0.016268,-0.68557,0.10714,-0.54886,-0.46289,-0.31088,-0.29683,0.115,0.47657,0.39804,-0.16863,-0.37009,-0.31144,0.021396,0.56468,0.091098,0.33037,-0.10884,-0.20152,-0.03699,-0.34644,0.21785,-0.24047,-0.054437,0.08282,0.09832,-0.14137,0.13778,0.64875,0.33797,0.13311,0.38495,-0.38802,-0.19057,0.1084,-0.06078,0.12707,0.36108,0.32161,0.37327,-0.6275,-0.12246,-0.20466,0.48633,-0.16913,-0.23326,-0.10323,0.14586,-0.4401,0.40639,0.26578,-0.11631,-0.23526,0.54342,0.2207,0.079371,-0.074919,-0.15607,-0.41126,0.27949,0.5166,0.026612,-0.19856,-0.2454,0.030642,-0.24596,0.0057362,-0.19921,-0.26246,-0.076101,-0.39321,0.4759,-0.10896,-0.27706,0.24368,0.3653,-0.45998,0.28999,0.27185,-0.079852,-0.38388,-0.17749,0.33671,-0.41377,0.33324,0.095596,-0.012925,0.23502,-0.28908,0.015909,-0.27105,0.052052,-0.11696,-0.43169,0.3227,0.065639,0.43229,0.35174,0.023253,-0.19057,0.7739,0.0029002,-0.075737,0.18432,0.030278,0.21426
родня,ru,relatives,M,w1,t2,-0.027906,-0.033076,-0.26606,0.2127,3.1106e-4,0.15742,-0.15973,-0.27013,0.48483,0.11728,0.39735,-0.16848,0.050094,-0.082499,0.065441,0.086224,0.013887,-0.26344,-0.083384,0.13704,0.20869,0.89775,-0.14524,0.28204,-0.107,0.12182,-0.027829,-0.12496,-0.25611,-0.69783,-0.41428,0.080776,-0.071714,-0.69164,0.31249,0.23606,-0.39585,-0.1173,0.20706,0.095966,0.35235,0.14233,-0.23303,-0.23177,-0.19401,-0.40793,0.23798,-0.091863,-0.19716,-0.78419,-8.3956e-4,0.047025,-0.02529,-0.16329,-0.035947,-0.11213,0.21187,0.2411,0.047775,0.011259,0.40743,0.2949,-0.65985,0.44505,-0.095916,-0.054277,0.48067,0.31984,0.045438,-0.11403,-0.048296,0.31393,0.14168,0.36621,0.27486,-0.18355,0.49003,0.1318,-0.27914,0.049575,0.080671,0.15329,-0.46955,-0.15488,0.16764,-0.14,0.13437,0.23551,0.26672,0.09607,-0.090854,0.35115,0.13117,0.14488,-0.43082,0.0084037,-0.28481,0.30609,0.38241000000000003,-0.33802,0.25578,-0.34123,-0.082894,-0.27713,0.053983,0.052771,-0.25929,-0.55628,-0.44534,-0.0034059,0.21771,-0.29665,-0.082608,-0.13168,-0.074541,0.17375,0.083008,0.16371,-0.028076,-0.18465,0.063246,-0.25891,-0.22635,0.034497,0.12655,-0.17702,-0.4664,-0.13094,0.52898,0.52313,-0.08078,-0.2003,-0.39723,0.22277,-0.086213,0.27137,0.18637,0.037233,0.39226,0.040347,0.023207,-0.44244,0.088084,0.1608,-0.059872,-0.073689,-0.089681,0.48367,-0.44424,-0.069623,0.46948,-0.026322,0.11536,0.25272,0.26947,0.39173,-0.092942,0.028876,0.63427,0.009656,0.34505,-0.093253,-0.080145,-0.52253,-0.070102,0.13039,0.090485,0.31274,0.539,-0.44677,-0.30925,0.44646,0.34782,-0.24597,0.44754,-0.033896,-0.094302,0.17296,0.038392,0.33164,0.12535,0.15061,-0.34012,-0.52843,0.22009,0.079162,0.42892,0.47962,0.40878,-0.059721,-0.13387,-0.1204,0.096439,5.7313e-4,-0.026099,-0.73864,0.33179,-0.68602,-0.27881,0.080647,-0.47428,0.50499,0.30012,0.29516,0.033338,-0.25156,-0.18707,0.20545,0.019204,-0.085929,0.029943,-0.59259,-0.15646,0.0085288,-0.21769,-0.39167,-0.43568,0.27712,0.23509,0.044203,0.26937,0.21055,-0.42744,0.069404,0.041665,-0.12473,-0.69081,-0.12969,0.24831,0.22371,-0.11566,0.32921,-0.20217,0.39817,-0.50775,-0.54203,-0.40508,0.24993,0.226,-0.27603,-0.2344,0.10108,-0.15401,0.15019,0.025643,-0.057815,-0.1156,0.093817,0.045975,0.36629,-0.12405,-0.38391,0.18069,-0.4071,0.11274,0.41054,-0.27703,0.30387,-0.051694,-0.083315,-0.070832,0.077677,-0.31122,0.30009,-0.15045,0.060351,-0.44945,-0.2092,0.43871,0.71152,-0.2997,0.51455,0.031199,-0.1418,-0.3419,-0.17293,0.40736,-0.062879,0.31288,0.063502,0.20853,0.20504,-0.014664,-0.092421,0.22047,0.16041,0.077026,-0.39996,0.021066,0.52981,-0.049254,0.71127,-0.072374,-0.18569,0.37097,-0.28287,0.037155,-0.28964,0.34655,0.15509
родня,ru,relatives,F,w1,t2,-0.027906,-0.033076,-0.26606,0.2127,3.1106e-4,0.15742,-0.15973,-0.27013,0.48483,0.11728,0.39735,-0.16848,0.050094,-0.082499,0.065441,0.086224,0.013887,-0.26344,-0.083384,0.13704,0.20869,0.89775,-0.14524,0.28204,-0.107,0.12182,-0.027829,-0.12496,-0.25611,-0.69783,-0.41428,0.080776,-0.071714,-0.69164,0.31249,0.23606,-0.39585,-0.1173,0.20706,0.095966,0.35235,0.14233,-0.23303,-0.23177,-0.19401,-0.40793,0.23798,-0.091863,-0.19716,-0.78419,-8.3956e-4,0.047025,-0.02529,-0.16329,-0.035947,-0.11213,0.21187,0.2411,0.047775,0.011259,0.40743,0.2949,-0.65985,0.44505,-0.095916,-0.054277,0.48067,0.31984,0.045438,-0.11403,-0.048296,0.31393,0.14168,0.36621,0.27486,-0.18355,0.49003,0.1318,-0.27914,0.049575,0.080671,0.15329,-0.46955,-0.15488,0.16764,-0.14,0.13437,0.23551,0.26672,0.09607,-0.090854,0.35115,0.13117,0.14488,-0.43082,0.0084037,-0.28481,0.30609,0.38241000000000003,-0.33802,0.25578,-0.34123,-0.082894,-0.27713,0.053983,0.052771,-0.25929,-0.55628,-0.44534,-0.0034059,0.21771,-0.29665,-0.082608,-0.13168,-0.074541,0.17375,0.083008,0.16371,-0.028076,-0.18465,0.063246,-0.25891,-0.22635,0.034497,0.12655,-0.17702,-0.4664,-0.13094,0.52898,0.52313,-0.08078,-0.2003,-0.39723,0.22277,-0.086213,0.27137,0.18637,0.037233,0.39226,0.040347,0.023207,-0.44244,0.088084,0.1608,-0.059872,-0.073689,-0.089681,0.48367,-0.44424,-0.069623,0.46948,-0.026322,0.11536,0.25272,0.26947,0.39173,-0.092942,0.028876,0.63427,0.009656,0.34505,-0.093253,-0.080145,-0.52253,-0.070102,0.13039,0.090485,0.31274,0.539,-0.44677,-0.30925,0.44646,0.34782,-0.24597,0.44754,-0.033896,-0.094302,0.17296,0.038392,0.33164,0.12535,0.15061,-0.34012,-0.52843,0.22009,0.079162,0.42892,0.47962,0.40878,-0.059721,-0.13387,-0.1204,0.096439,5.7313e-4,-0.026099,-0.73864,0.33179,-0.68602,-0.27881,0.080647,-0.47428,0.50499,0.30012,0.29516,0.033338,-0.25156,-0.18707,0.20545,0.019204,-0.085929,0.029943,-0.59259,-0.15646,0.0085288,-0.21769,-0.39167,-0.43568,0.27712,0.23509,0.044203,0.26937,0.21055,-0.42744,0.069404,0.041665,-0.12473,-0.69081,-0.12969,0.24831,0.22371,-0.11566,0.32921,-0.20217,0.39817,-0.50775,-0.54203,-0.40508,0.24993,0.226,-0.27603,-0.2344,0.10108,-0.15401,0.15019,0.025643,-0.057815,-0.1156,0.093817,0.045975,0.36629,-0.12405,-0.38391,0.18069,-0.4071,0.11274,0.41054,-0.27703,0.30387,-0.051694,-0.083315,-0.070832,0.077677,-0.31122,0.30009,-0.15045,0.060351,-0.44945,-0.2092,0.43871,0.71152,-0.2997,0.51455,0.031199,-0.1418,-0.3419,-0.17293,0.40736,-0.062879,0.31288,0.063502,0.20853,0.20504,-0.014664,-0.092421,0.22047,0.16041,0.077026,-0.39996,0.021066,0.52981,-0.049254,0.71127,-0.072374,-0.18569,0.37097,-0.28287,0.037155,-0.28964,0.34655,0.15509
родственники,ru,relatives,M,w1,t1,0.10559,-0.075575,0.28878,0.17502,0.19869,-0.087687,0.20951,0.11252,0.02023,0.072592,-0.065999,-0.16418,-0.072834,-0.14288,0.095905,-0.16486,-0.33202,-0.0064342,-0.044349,0.1542,0.36468,0.30914,-0.23105,0.14847,-0.097054,0.16224,-0.18342,-0.14847,-0.11349,-0.092598,-0.30121,-0.024445,-0.053858,-0.16556,0.41409,0.035229,-0.30256,0.11302,0.1968,-0.34932,0.091584,-0.29055,-0.53138,-0.4057,-0.34418,-0.33961,-0.044792,-0.080522,-0.19418,-0.55197,-0.051875,0.69195,-0.08944,0.12464,0.4166,-0.25258,-0.1497,-0.10552,-0.44172,0.24275,0.16241,0.14402,-0.15549,0.37495,0.22095,0.069705,0.15856,0.16867,0.022573,-0.081271,-0.19895,0.14173,-0.37333,-0.26846,0.27205,-0.048953000000000003,0.24306,0.22476,0.060164,0.19282,0.12126,0.25283,-0.12648,-0.28055,0.22284,0.026375,0.26151,0.33585,0.030424,0.35496,-0.033597,-0.12289,-0.10137,0.046175,-0.25891,-0.4074,0.27897,0.12292,0.30961,-0.23343,0.17117,0.069735,0.31129,-0.58834,0.20285,-0.42718,0.15009,-0.24405,-0.42685,0.19413,0.044164,-0.095628,-0.27675,-0.15755,0.09331,-0.0041361,0.60335,0.027216,-0.016419,0.16245,0.21343,0.06804,0.056914,0.35006,0.13865,-0.14191,0.053131,-0.0063429,0.49147,-0.14605,-0.020285,-0.32881,-0.38474,0.15269,0.29344,-0.23506,0.2739,0.13002,0.044223,0.12807,-0.35872,-0.37238,0.062473,-0.030358,0.021364,-0.28561,0.10549,0.041026,0.10022,-0.18024,-0.055105,-0.070966,0.22199,-0.041716,-0.1042,0.29819,-0.19705,-0.10793,0.31286,-0.0371,0.087831,-0.18122,0.075148,-0.03154,-0.14042,0.04702,0.1029,-0.095067,0.459,-0.2115,-0.078769,0.12326,0.10906,-0.1478,-0.027154,0.25703,0.043255,0.19986,-0.080333,-0.10054,0.22977,-0.19285,-0.1801,-0.33056,0.12524,-0.25661,0.055345,-0.26647,0.38873,-0.22103,0.36834,0.15913,-0.030492,-0.24164,0.041003,-0.58195,0.41303,-0.51916,-0.65632,-0.30521,-0.26839,0.31989,0.57693,0.30815,0.22175,-0.1042,0.022467,-0.099729,0.43928,-0.048539,-0.19372,-0.12441,-0.34958,-0.14007,-0.62562,0.03116,-0.35172,-0.11274,-0.0021494,-0.080575,0.12251,0.084115,0.25332,0.22356,0.037883,0.36998,-0.019786,0.41748,0.20866,-0.022585,-0.028432,0.42189,-0.10705,0.25733,-0.20305,-0.38139,0.01427,0.76461,0.0049782,-0.22752,-0.12698,0.28537,-0.22603,0.36312,0.075005,-0.2486,-0.54545,0.22522,0.43523,0.11218,0.17624,-0.14165,-0.0025691,-0.26941,0.23603,-0.12401,0.17614,0.1109,-0.20465,-0.12785,-0.098451,-0.22851,-0.39061,0.20001,-0.34441,0.31112,0.21819,-0.21639,0.48084,0.41808,-0.31862,0.1936,0.090926,-0.14617,-0.50335,0.16526,0.083387,0.06202,0.10755,-0.29955,0.22805,0.053089,-0.26324,0.052471,-0.05138,0.032641,-0.01688,-0.28707,0.047261,0.11992,0.17748,0.51315,0.12717,-0.0076069,0.66221,0.13342,0.23739,0.15194,-0.062418,0.093283
родственники,ru,relatives,F,w1,t1,0.10559,-0.075575,0.28878,0.17502,0.19869,-0.087687,0.20951,0.11252,0.02023,0.072592,-0.065999,-0.16418,-0.072834,-0.14288,0.095905,-0.16486,-0.33202,-0.0064342,-0.044349,0.1542,0.36468,0.30914,-0.23105,0.14847,-0.097054,0.16224,-0.18342,-0.14847,-0.11349,-0.092598,-0.30121,-0.024445,-0.053858,-0.16556,0.41409,0.035229,-0.30256,0.11302,0.1968,-0.34932,0.091584,-0.29055,-0.53138,-0.4057,-0.34418,-0.33961,-0.044792,-0.080522,-0.19418,-0.55197,-0.051875,0.69195,-0.08944,0.12464,0.4166,-0.25258,-0.1497,-0.10552,-0.44172,0.24275,0.16241,0.14402,-0.15549,0.37495,0.22095,0.069705,0.15856,0.16867,0.022573,-0.081271,-0.19895,0.14173,-0.37333,-0.26846,0.27205,-0.048953000000000003,0.24306,0.22476,0.060164,0.19282,0.12126,0.25283,-0.12648,-0.28055,0.22284,0.026375,0.26151,0.33585,0.030424,0.35496,-0.033597,-0.12289,-0.10137,0.046175,-0.25891,-0.4074,0.27897,0.12292,0.30961,-0.23343,0.17117,0.069735,0.31129,-0.58834,0.20285,-0.42718,0.15009,-0.24405,-0.42685,0.19413,0.044164,-0.095628,-0.27675,-0.15755,0.09331,-0.0041361,0.60335,0.027216,-0.016419,0.16245,0.21343,0.06804,0.056914,0.35006,0.13865,-0.14191,0.053131,-0.0063429,0.49147,-0.14605,-0.020285,-0.32881,-0.38474,0.15269,0.29344,-0.23506,0.2739,0.13002,0.044223,0.12807,-0.35872,-0.37238,0.062473,-0.030358,0.021364,-0.28561,0.10549,0.041026,0.10022,-0.18024,-0.055105,-0.070966,0.22199,-0.041716,-0.1042,0.29819,-0.19705,-0.10793,0.31286,-0.0371,0.087831,-0.18122,0.075148,-0.03154,-0.14042,0.04702,0.1029,-0.095067,0.459,-0.2115,-0.078769,0.12326,0.10906,-0.1478,-0.027154,0.25703,0.043255,0.19986,-0.080333,-0.10054,0.22977,-0.19285,-0.1801,-0.33056,0.12524,-0.25661,0.055345,-0.26647,0.38873,-0.22103,0.36834,0.15913,-0.030492,-0.24164,0.041003,-0.58195,0.41303,-0.51916,-0.65632,-0.30521,-0.26839,0.31989,0.57693,0.30815,0.22175,-0.1042,0.022467,-0.099729,0.43928,-0.048539,-0.19372,-0.12441,-0.34958,-0.14007,-0.62562,0.03116,-0.35172,-0.11274,-0.0021494,-0.080575,0.12251,0.084115,0.25332,0.22356,0.037883,0.36998,-0.019786,0.41748,0.20866,-0.022585,-0.028432,0.42189,-0.10705,0.25733,-0.20305,-0.38139,0.01427,0.76461,0.0049782,-0.22752,-0.12698,0.28537,-0.22603,0.36312,0.075005,-0.2486,-0.54545,0.22522,0.43523,0.11218,0.17624,-0.14165,-0.0025691,-0.26941,0.23603,-0.12401,0.17614,0.1109,-0.20465,-0.12785,-0.098451,-0.22851,-0.39061,0.20001,-0.34441,0.31112,0.21819,-0.21639,0.48084,0.41808,-0.31862,0.1936,0.090926,-0.14617,-0.50335,0.16526,0.083387,0.06202,0.10755,-0.29955,0.22805,0.053089,-0.26324,0.052471,-0.05138,0.032641,-0.01688,-0.28707,0.047261,0.11992,0.17748,0.51315,0.12717,-0.0076069,0.66221,0.13342,0.23739,0.15194,-0.062418,0.093283
руководитель,ru,executive,M,w1,t1,0.41466,0.56135,0.38152,-0.29945,-0.027282,0.08095,-0.28066,0.24116,0.082965,-0.25317,-0.016934,-0.10224,-0.13302,-0.16527,-0.37368,0.074073,-0.12221,0.32458,0.55541,0.40191,0.06819,0.29355,-0.16246,0.26682,-0.46369,-0.30715,0.17734,0.075277,0.068791,-0.077627,0.37087,0.34077,0.36253,-0.030105,0.26482,-0.0088478,-0.11678,-0.26037,-0.091172,0.017656,0.079208,-0.1169,-0.11969,-0.46988,-0.0055156,-0.24116,0.35104,0.38523,-0.090699,0.023616,0.041115,0.052704,-0.6665,0.23278,0.1042,-0.018946,0.0041548,-0.31221,-0.0078247,-0.28539,0.23317,-0.10368,0.087118,-0.11607,0.25739,-0.068569,-0.16372,-0.028019,0.20696,-0.4061,0.72942,-0.016705,-0.099736,-0.34396,-0.1315,-0.12077,-0.12755,-0.072127,-0.023651,0.57356,-0.15452,-0.0063764,0.15619,-0.13935,0.68145,0.088785,0.16289,0.083705,0.081288,-0.19968,-0.80468,0.33518,0.28745,0.27543,-0.053262,-0.29342,-0.28544,-0.2221,-0.20878,-0.33162,-0.49295,0.18788,0.42754,0.4659,0.46868,0.28913,-0.11984,-0.13042,-0.099116,0.56206,-0.24589,-0.38627,-0.068522,-0.1926,0.18406,0.6725,0.22245,0.2037,-0.27257,-0.05407,-0.22825,0.20167,0.01864,0.2406,0.020716,0.46823,0.28036,-0.31876,-0.17737,0.01777,0.20897,0.33261,-0.36806,0.49925,0.42094,0.42555,0.54338,-0.055944,0.73833,0.20429,0.0069021,-0.32791,-0.080275,0.2794,0.2532,-0.23114,-0.030823,0.227,-0.036869,0.61203,-0.2883,-0.09003,0.81611,-0.0913,0.2714,0.46202,0.14173,-0.10901,0.025071,0.2563,0.034729,0.050015,0.063307,-0.092542,-0.042359,0.11475,0.26988,-0.23242,-0.17571,0.62959,-0.25116,-0.037916,0.12261,-0.017024,0.32421,0.020919,-0.20519,0.34389,0.036904,-0.20358,-0.1553,-0.052409,0.0056041,-0.21126,0.092488,-0.07899,0.11859,0.1799,-0.35674,-0.47111,-0.021795,-0.252,-0.22113,-0.35424,-0.23262,-0.35422,-0.18464,0.085909,-0.029893,-0.15508,-0.40395,0.14994,0.35122,0.24598,0.55385,-0.043385,-0.11154,0.0064913,0.17856,0.27869,-0.35177,-0.50548,-0.02387,0.20786,-5.8437e-4,0.020983,0.12186,0.2413,-0.080016,0.092254,-0.032658,0.072609,0.12097,0.040552,0.069216,0.52752,0.024454,0.24718,-0.18285,-0.11209,-0.16929,0.076897,0.11982,0.1891,-0.15931,0.12215,0.05432,-0.28689,0.32711,0.35311,-0.18027,-0.14891,-0.72948,0.24432,0.18614,-0.0032708,0.12344,-0.05087,0.14681,-3.4491e-4,-0.0044632,-0.46143,-0.24893,0.1441,-0.048857,0.054822,-0.3391,-0.18599,-0.12994,0.20803,-0.4011,0.16265,0.23665,0.13712,0.11982,0.098019,0.25341,0.029242,-0.024145,-0.013935,-0.27267,-0.27669,-0.4116,0.072788,-0.21517,0.15461,0.57669,-0.049431,-0.26813,0.21228,0.15553,-0.16918,0.036866,0.17789,-0.13992,0.57917,-0.46365,0.31815,-0.040622,-0.019361,-0.19988,0.1545,0.31825,0.34919,0.45874,-0.045099,0.28661,-0.11052,-0.17145,-0.1677
руководительница,ru,executive,F,w1,t1,0.31903,-0.021642,-0.21373,-0.16509,-0.031747,0.0094363,0.060374,-0.14771,0.072683,-0.15535,0.21756,0.071898,-0.34256,0.090141,-0.2067,0.24372,0.094964,0.043726,0.43719,0.30513,0.11343,0.23173,-0.052726,0.17732,-0.18448,-0.23691,0.11218,-0.2036,0.10738,0.022558,0.317,0.033874,0.24643,-0.18669,0.19568,0.36844,0.070479,-0.17785,0.031066,0.23384,0.12704,-0.094655,-0.41461,-0.44956,-0.039324,-0.019747,0.21573,0.18319,0.19861,-0.10308,0.088509,0.12397,-0.46607,0.068093,0.27508,0.11765,-0.093139,-0.014024,-0.035089,0.025826000000000002,0.27847,0.075295,-0.2554,-0.12775,0.065803,-0.067387,0.43069,0.10451,0.1164,-0.11422,0.35228,0.16524,-0.038443,-0.33842,0.005961,0.20762,-0.011369,0.064583,-0.14366,0.21414,0.11229,-0.085937,-0.067424,-0.11222,0.36482,-0.19373,0.34669,-0.19255,-0.1032,-0.15783,-0.39681,0.028166,0.38522,0.1358,0.26873,0.0048179,-0.3586,-0.2848,0.088476,-0.19152,-0.3239,-0.16353,0.064284,-0.017636,0.30094,0.10379,-0.12842,-0.21506,-0.13978,0.22865,-0.19806000000000001,-0.31681,-0.024848,-0.063985,0.023663,0.40456,0.2755,0.3209,-0.21574,-0.03274,0.041104,-0.026452,-0.14585,0.3468,-0.011297,0.32921,-0.078391,-0.34981,0.25717,0.022819,0.070665,0.25184,-0.42954,-0.04098,0.28549,0.23433,0.27568,-0.15516,0.40711,0.44415,-0.13175,-0.38296,-0.0074291,0.35448,0.085223,-0.0096921,-0.15221,0.45281,0.22067,0.44991,-0.30117,-0.052351,0.54366,0.063423,0.21604,0.50991,0.19628,-0.22319,0.33794,0.060972,0.31431,0.18107,0.15224,-0.18078,0.028159,-0.036536,0.14419,-0.17975,-0.5002,0.4455,-0.2193,0.020468,-0.11627,0.075769,0.15448,0.27378,-0.090428,0.23838,0.16064,-0.27487,-0.14226,0.11272,-0.042191,-0.34595,0.36706,0.16991,0.28054,0.16431,-0.25956,-0.13994,-0.13654,-0.20288,-0.14779,-0.028769,-0.28117,-0.54016,-0.25002,-0.43014,0.3254,-0.37506,-0.42244,-0.017493,0.23069,0.21877,0.36777,0.093208,0.20008,0.13985,0.35142,0.13479,-0.12122,-0.15022,-0.12388,0.022475,0.042636,0.0085386,0.041827,-0.014266,0.10612,0.28598,-0.019195,0.17471,-0.1466,0.095957,-0.12109,0.53001,0.085759,0.2692,0.068901,0.048406,0.025191,0.14441,0.10004,0.16921,-0.17287,0.030206,-0.11197,-0.208,0.14221,0.16949,-0.3195,-0.11033,-0.44782,0.56159,0.23427,-0.029069,0.10474,-0.033458,0.29251,-0.10256,-0.068143,-0.49372,-0.11013,-0.23598,0.032727,0.26213,-0.071441,-0.15304,-0.14565,-0.30918,-0.25613,0.13415,0.1299,0.52104,-0.10384,0.37469,0.12134,0.24177,0.38223,0.16211,-0.19419,-0.12637,0.053082,0.22299,0.044292,0.21957,0.51283,-0.34907,-0.10303,-0.044371,0.21856,0.51644,-0.24898,-0.050355,0.39427,0.51765,-0.44208,-0.15914,0.10427,0.17243,-0.0064317,0.19139,0.19895,0.14523,0.24482,-0.064513,0.049188,-0.071471,-0.23106,0.1708
свадьба,ru,wedding,N,w1,t1,-0.15213,-0.089496,-0.28381,0.24486,0.1384,0.17479,-0.096559,-0.43506,0.19847,0.43622,0.11024,0.25519,0.35227,0.24286,-0.084181,0.069517,-0.081124,-0.09073,-0.15866,-0.079616,0.27272,0.3535,0.1981,0.11007,0.29108,-0.13002,0.009045,-0.12086,-0.34513,-0.40423,-0.39726,0.2262,-0.30112,-0.43032,0.3046,0.05428,-0.25784,-0.56562,-0.025461,-0.11177,0.31574,0.0018696,-0.12083,-0.24789,-0.35083,0.027996,-0.1855,-0.33835,-0.10748,-0.11969,0.16864,0.22578,-0.4899,-0.52756,0.6538,0.54089,0.10275,-0.39729,-0.21721,0.33178,0.37164,0.34648,-0.35064,0.53204,-0.099588,0.37337,0.46176,0.23108,-0.072464,-0.38282,-0.36853,0.17974,-0.31086,-0.14586,0.2997,-0.037525,0.1656,0.37019,0.70349,-0.099009,0.05741,-0.016677,-0.4847,-0.40529,0.41032,0.48398,0.41987,0.3158,0.49869,0.071708,-0.11706,0.11689,0.1583,0.18352,0.25964,-0.0064192,-0.014609,0.36684,0.36576,-0.49141,0.15183,-0.1414,0.19615,-0.20266,0.32125,-0.28991,0.033669,0.064377,0.4282,0.2718,-0.56818,0.080816,0.065022,0.42745,-0.01379,0.36597,0.32884,0.1944,0.4582,-0.26547,0.28882,-0.16053,-0.079186,0.23669,0.21008,-0.34241,-0.088474,-0.025874,0.51328,0.27343,0.44597,0.15389,0.31799,-0.14628,-0.35915,-0.11123,-0.14446,-0.16439,0.18489,0.206,0.072442,-0.48687,-0.24989,0.41726,-0.47909,0.080857,0.067037,0.057508,0.17972,-0.33349,0.085768,-0.058788,0.29588,0.10866,0.059928,-7.9044e-4,-0.17483,0.061243,0.26248,0.49936,-0.19857,-0.11894,-0.12138,-0.40795,-0.3579,0.15564,0.2335,-0.20514,-0.33612,-0.24699,-0.52208,0.18582,0.72047,-0.046604,0.65337,0.15148,-9.7225e-4,0.20076,0.10575,-0.078325,0.10381,-0.4089,-0.27754,0.072495,0.0084202,0.025195,0.45298,0.37255,0.12039,-0.12335,0.39714,-0.48964,0.22769,-0.2385,-0.035018,-0.5989,-0.12871,-0.8636,-0.12704,0.027355,-0.24107,0.30971,-0.053281,0.40031,-0.15594,-0.5116,0.11824,0.25126,0.26311,0.066062,-0.29476,-0.8212,-0.47257,0.37919,0.04091,-0.080959,0.062617,0.18524,0.45166,0.19497,0.059636,-0.41608,-0.27838,-0.22788,-0.015074,0.1621,-0.18545,0.40337,0.6522,0.080762,-0.31779,0.38748,0.026045,0.72414,-0.1435,0.048556,0.31689,0.38917,-0.17968,0.3633,-0.3543,0.29943,-0.24048,0.12627,0.17027,-0.37261,-0.27252,-0.2035,-0.32253,-0.4082,-0.17442,-0.30609,-0.22291,0.095549,0.0070978,0.30349,-0.21385,-0.040064,0.28513,0.48227,-0.3022,-0.3121,-0.23242,0.93134,0.20079,0.28542,-0.58613,-0.058933,0.3376,0.27072,-0.276,0.03544,-0.046372,0.2011,-0.4102,-0.075722,0.25342,-0.19691,-0.30429,0.037641,0.42639,0.71169,-0.19453,-0.26235,0.7058,0.023376,-0.38217,-0.3207,-0.15287,0.1737,-0.27266,0.28981,-0.08638,0.24411,0.48548,0.34384,-0.27652,0.11855,-0.21158,0.46485
свой,ru,his,N,w1,t2,-0.46034,0.30772,0.33382,0.17267,0.10487,-0.10517,0.31634,-0.16813,0.3993,0.18164,0.059689,-0.01448,-0.1135,0.23232,-0.25436,-0.56835,-0.25905,0.069628,0.24134,0.0022823,0.011485,-0.056802,-0.04992,0.072989,0.044488,0.34258,0.060273,0.44405,0.38192,-0.14032,0.050588,0.08188,0.073922,-0.44518,-0.022886,-0.33128,0.35776,-0.773,-0.26465,-0.3785,0.49047,0.079394,0.28091,0.21245,0.29356,-0.21404,0.13052,-0.099006,0.10984,-0.035141,0.10932,0.09785,0.0068817,-0.18861,-0.085171,0.43136,0.020737,0.33213,0.23478,0.34008,0.36288,-0.29573,-0.14024,0.17271,0.023246,0.25932,-0.19881,-0.16224,0.085652,0.071427,0.25865,0.28546,-0.31691,-0.0054691,-0.74326,-0.21133,-0.010333,0.013315,0.16905,0.58356,0.32404,0.15717,0.16948,0.27747,-0.038466,0.22174,0.35127,0.3055,-0.43525,-0.039891,-0.035103,-0.019866,0.37817,-0.21295,-0.016336,-0.21677,0.21495,-0.053111,-0.031028,0.19103,0.037754,0.54497,0.059192,0.031882,-0.0181,-0.079883,-0.39228,-0.27919,0.5575,0.39308,0.10507,0.14426,-0.21972,-0.078994,0.090971,0.082512,-0.43722,0.18373,-0.30872,-0.14668,0.21255,-0.15412,-0.24798,-0.23559,0.1832,-0.20791,0.20511,-0.31186,-0.04179,-0.068093,-0.078946,-0.12591,-0.3604,-0.3317,0.22406,0.37656,-0.0098023,-0.14942,0.34025,0.07818,-0.33299,-0.097067,0.039369,0.045343,0.18748,-0.35854,-0.19088,0.060954,-0.27115,-0.14413,0.19806000000000001,-0.01274,-0.0086917,-0.03881,-0.39726,0.19891,0.13151,-0.062935,0.2471,0.1034,0.41604,0.0026723,0.14916,-0.066203,-0.41727,0.12341,0.32842,0.0359,0.0048186,-0.19343,0.3353,-0.36306,-0.21869,-0.44411,0.079133,-0.097516,0.059352,0.23493,-0.043319,0.035411,0.27131,0.37494,-0.24168,-0.45209,0.59769,0.12115,0.29701,0.045574,-0.20044,0.14708,0.31486,-0.11963,-0.0102,-0.065397,-0.065501,-0.51262,-0.39981,-0.29339,-0.40829,-0.29285,0.0095513,0.0078965,0.025303,0.21371,0.076395,0.20915,-0.38442,-0.15175,0.11153,-0.20753,-0.212,-0.33887,0.041824,0.27555,0.05028,-0.21551,-0.25908,-0.20763,-0.11376,-0.28425,-0.021133,0.20627,0.20967,0.014713,0.34636,0.49083,0.03489,0.094641,-0.28473,0.31278,-0.10981,0.32981,0.027787,-0.12378,0.03522,-0.069603,-0.16603,-0.23325,-0.25771,0.016998,0.17741,-0.043944,-0.24488,0.20103,0.38941,0.10653,0.0017849,-0.078941,0.048431,-0.1817,0.19366,-0.66619,0.23895,0.14358,0.17421,0.12359,-0.19964,-0.052214000000000003,-0.070629,-0.028436,-0.12418,-0.32308,-0.076088,0.022473,-0.26935,-0.093513,0.051358,0.072249,-0.075441,0.031807,-0.15007,0.40525,0.30055,-0.20943,0.069007,-0.18525,0.15625,0.053757,-0.041708,0.086055,-0.59349,0.0048123,0.15395,-0.10987,0.20959,0.25668,0.040486,-0.15998,0.046649,-0.31786,0.079133,0.28106,-0.038398,-0.1709,0.037515,0.16008,-0.059825,0.1651,-0.25837,-0.065005
своя,ru,hers,N,w1,t4,-0.078509,0.28323,0.055348,0.025265,-0.3651,-0.17473,0.059452,-0.074295,0.24795,0.1712,0.07842,0.084435,0.11425,-0.033206,-0.13003,-0.12572,-0.28473,-0.52145,0.23069,-0.13726,0.1524,0.44214,-0.039179,0.0040649,-0.034425,-0.34104,-0.17621,-0.34958,-0.02035,0.033933,-0.33814,-0.24571,0.048618,-0.56687,0.21024,0.091318,-0.03416,-0.074446,0.32723,-0.010428,0.20392,-0.24123,0.31091,-0.12834,0.17476,0.13863,-0.064864,0.095755,-0.22877,-0.27139,-0.046021,-0.1584,-0.43883,-0.28765,0.30968,0.29209,0.16782,0.19984,-0.28044,-0.38368,0.43177,0.45054,0.049101,0.016125,0.34808,0.062199,-0.071583,0.23471,-0.14147,0.25387,-0.17148,0.14283,-0.69615,0.092013,0.060069,-0.003687,0.27785,0.39647,0.0043497,-0.21956,0.1194,0.048446,0.22097,-0.089138,-0.1857,-0.23138,0.41969,0.51397,0.078428,-0.26559,-0.085251,0.39736,0.63934,-0.22995,0.20871,0.18595,0.081012,0.60276,0.19686,0.12228,0.1268,-0.0075739,-0.16436,-0.24788,-0.11279,0.079742,-0.051523,-0.15064,0.28404,0.10916,0.25427,-0.22203,-0.2306,-0.12018,-0.12039,0.11843,0.098921,0.31796,-0.47847,0.012036,-0.11592,-0.060844,-0.24496,-0.087061,0.086232,0.31245,0.14892,0.14455,0.076827,0.20109,-0.062658,0.36241,-0.25857,-0.29582,0.02719,-0.099496,-0.21443,-0.19137,0.71899,-0.17547,0.043809,-0.10575,0.22699,-0.28116,0.082043,-0.12996,-0.3441,0.80489,-0.07667,0.32054,-0.071533,-0.05501,0.27283,0.38658,-0.178,0.3238,0.30794,-0.0033707,0.65527,0.20072,0.18012,0.31453,0.28859,-0.25515,-0.56184,0.41935,0.43653,0.2398,0.37032,0.13552,0.097182,-0.12203,0.14511,0.033242,-0.32203,-0.052237,-0.23802,0.18386,-0.51626,0.11757,0.1053,0.46629,-0.73671,-0.39893,0.17388,0.07505,-0.094635,-0.041666,0.20294,0.057577,-0.15298,-0.24327,-0.005652,0.1962,-0.0076028,-0.24679,-0.29821,-0.47131,-0.30755,0.10932,0.11838,0.035728,0.0079151,0.0067514,-0.19665,0.35171,-0.015511,0.096207,-0.25626,-0.081025,0.064104,-0.3291,-0.24568,0.0021538,-0.24885,-0.27781,-0.3484,0.29534,0.35528,-0.014475,0.024967,0.081194,0.21688,-0.20363,-0.10124,0.045205,0.14558,0.10273,0.031161,0.34812,-0.13524,0.088895,0.31047,-0.13121,-0.21129,0.40672,-0.15572,-0.18494,-0.10818,0.37049,-0.2571,0.38419,0.078238,-0.062083,-0.085886,-0.5259,-0.20711,0.26319,0.33689,0.21232,0.40681,-0.62886,0.37102,0.13028,-0.13438,0.03065,-0.41164,-0.1704,-0.23291,0.052341,-0.35241,-0.18856,-0.081468,0.034025,0.028424,-0.015497,-0.20268,0.2389,-0.14452,0.093205,0.54241,-0.0091334,-0.39245,-0.42088,-0.26992,-0.15167,0.16307,0.17725,-0.08341,0.041466,0.10208,0.065333,-0.036824,0.21842,0.14194,0.17322,-0.57554,0.21375,-0.046694,0.10807,-0.024498,0.70217,0.37573,0.3505,0.2491,-0.16519,0.47499,0.10079,0.080501,0.0086223
семья,ru,family,M,w1,t1,-0.043855,0.11572,0.13748,-0.048388,0.23164,-0.14838,-0.077471,-0.035898,0.14181,0.12016,0.3405,0.24975,-0.18853,0.014953,0.6158,-0.12659,-0.69969,-0.17508,-0.076868,-0.041169,-0.07255,0.39677,-0.1514,-0.20061,0.2686,0.31927,-0.1217,-0.013557,0.32015,-0.019718,-0.046024,0.13401,0.062209,-0.13879,0.36184,0.41798,-0.013169,-0.51426,0.12807,0.20421,-0.046255,-0.44885,0.18446,-0.53717,-0.28711,-0.1764,0.14032,-0.11273,0.088275,-0.15927,0.17042,0.37043,-0.21899,0.031692,0.7405,0.16224,-0.23852,0.10834,-8.6737e-4,0.18485,0.096131,0.07668,-0.52841,0.72985,-0.14883,0.090403,0.073613,0.23399,0.15101,-0.18721,-0.032513,-0.13123,-0.41469,-0.40931,0.20974,0.095604,0.24977,-0.40065,0.56224,0.39902,-0.010367,0.4033,-0.52754,-0.32284,-0.17131,-0.026612,-0.020413,0.2185,0.46761,0.11328,-0.36904,-0.11411,0.36419,0.12755,-0.12067,0.15846,-0.072685,0.12499,0.27822,-0.33418,-0.38941,-0.46068,0.22697,-0.27178,0.075383,0.10625,-0.11936,-0.080148,-0.17884,0.4244,-0.067858,-0.3959,-0.23562,-0.056689,-0.25201,0.23617,0.073334,0.23921,-0.77187,-0.016396,0.15984,-0.32703,0.2873,-0.072101,0.20561,-0.29894,-0.16435,0.15258,0.44566,-0.0096326,-0.025574,-0.26784,-0.10782,-0.12176,0.19445,-0.40087,-0.046973,-0.33373,0.019505,0.14622,-0.45741,-0.13256,-0.18885,0.21306,0.073817,-0.18221,0.41553,0.5996,-0.24251,0.12869,-0.24547,0.23346,0.50124,0.15442,0.22541,0.16573,0.078859,-0.036607,0.45706,-0.1906,0.10625,-0.27278,0.22468,-0.28412,0.25021,0.10916,-0.083149,0.045378,0.22335,-0.091278,0.16542,-0.10873,0.22694,-0.16333,-0.1281,0.10185,0.18323,0.097843,-0.29304,-0.18734,0.17527,-0.032868,-0.50933,-0.25838,0.20961,-0.21486,0.41881,-0.052855,0.66789,0.1538,0.36173,0.043162,0.21054,-0.29782,0.0012212,-0.90566,0.21481,-0.9096,-0.10523,-0.59183,-0.14206,0.42896,0.22192,0.36022,-0.3341,-0.44929,-0.25957,0.38388,0.50585,-0.25186,0.16763,-0.3682,0.043939,0.038724,-0.30803,-0.22363,-0.30964,-0.022926,-0.11542,0.17846,-0.11342000000000001,0.27114,0.2861,-0.26665,-0.0323,0.032445,-0.24454,0.023373,0.49076,0.34906,-0.074801,0.41133,-0.18681,0.20095,-0.55309,-0.17048,0.019491,0.51933,-0.21909,0.037855,-0.024199,0.51898,-0.0445,0.47908,0.31308,-0.14048,-0.10934,0.37524,0.42949,0.1046,0.042356,-0.01633,-0.36427,-0.07049,0.20562,0.047233,-0.19453,-0.16309,-0.15268,-0.082593,-0.19014,-0.032235,-0.31263,0.38382,-0.3972,-0.083344,-0.56028,-0.1792,0.45059,0.1701,-0.35081,0.28372000000000003,0.22405,-0.36255,-0.27177,-0.40449,0.23833,-0.11651,0.17661,-0.10547,-0.06536,0.35677,0.02242,0.097426,0.027963,-0.23616,-0.36249,-0.19025,0.31877,0.15396,-0.1182,0.37769,0.050615,-0.18199,0.18835,-0.40541,0.087564,0.086653,0.1267,0.20979
семья,ru,family,F,w1,t1,-0.043855,0.11572,0.13748,-0.048388,0.23164,-0.14838,-0.077471,-0.035898,0.14181,0.12016,0.3405,0.24975,-0.18853,0.014953,0.6158,-0.12659,-0.69969,-0.17508,-0.076868,-0.041169,-0.07255,0.39677,-0.1514,-0.20061,0.2686,0.31927,-0.1217,-0.013557,0.32015,-0.019718,-0.046024,0.13401,0.062209,-0.13879,0.36184,0.41798,-0.013169,-0.51426,0.12807,0.20421,-0.046255,-0.44885,0.18446,-0.53717,-0.28711,-0.1764,0.14032,-0.11273,0.088275,-0.15927,0.17042,0.37043,-0.21899,0.031692,0.7405,0.16224,-0.23852,0.10834,-8.6737e-4,0.18485,0.096131,0.07668,-0.52841,0.72985,-0.14883,0.090403,0.073613,0.23399,0.15101,-0.18721,-0.032513,-0.13123,-0.41469,-0.40931,0.20974,0.095604,0.24977,-0.40065,0.56224,0.39902,-0.010367,0.4033,-0.52754,-0.32284,-0.17131,-0.026612,-0.020413,0.2185,0.46761,0.11328,-0.36904,-0.11411,0.36419,0.12755,-0.12067,0.15846,-0.072685,0.12499,0.27822,-0.33418,-0.38941,-0.46068,0.22697,-0.27178,0.075383,0.10625,-0.11936,-0.080148,-0.17884,0.4244,-0.067858,-0.3959,-0.23562,-0.056689,-0.25201,0.23617,0.073334,0.23921,-0.77187,-0.016396,0.15984,-0.32703,0.2873,-0.072101,0.20561,-0.29894,-0.16435,0.15258,0.44566,-0.0096326,-0.025574,-0.26784,-0.10782,-0.12176,0.19445,-0.40087,-0.046973,-0.33373,0.019505,0.14622,-0.45741,-0.13256,-0.18885,0.21306,0.073817,-0.18221,0.41553,0.5996,-0.24251,0.12869,-0.24547,0.23346,0.50124,0.15442,0.22541,0.16573,0.078859,-0.036607,0.45706,-0.1906,0.10625,-0.27278,0.22468,-0.28412,0.25021,0.10916,-0.083149,0.045378,0.22335,-0.091278,0.16542,-0.10873,0.22694,-0.16333,-0.1281,0.10185,0.18323,0.097843,-0.29304,-0.18734,0.17527,-0.032868,-0.50933,-0.25838,0.20961,-0.21486,0.41881,-0.052855,0.66789,0.1538,0.36173,0.043162,0.21054,-0.29782,0.0012212,-0.90566,0.21481,-0.9096,-0.10523,-0.59183,-0.14206,0.42896,0.22192,0.36022,-0.3341,-0.44929,-0.25957,0.38388,0.50585,-0.25186,0.16763,-0.3682,0.043939,0.038724,-0.30803,-0.22363,-0.30964,-0.022926,-0.11542,0.17846,-0.11342000000000001,0.27114,0.2861,-0.26665,-0.0323,0.032445,-0.24454,0.023373,0.49076,0.34906,-0.074801,0.41133,-0.18681,0.20095,-0.55309,-0.17048,0.019491,0.51933,-0.21909,0.037855,-0.024199,0.51898,-0.0445,0.47908,0.31308,-0.14048,-0.10934,0.37524,0.42949,0.1046,0.042356,-0.01633,-0.36427,-0.07049,0.20562,0.047233,-0.19453,-0.16309,-0.15268,-0.082593,-0.19014,-0.032235,-0.31263,0.38382,-0.3972,-0.083344,-0.56028,-0.1792,0.45059,0.1701,-0.35081,0.28372000000000003,0.22405,-0.36255,-0.27177,-0.40449,0.23833,-0.11651,0.17661,-0.10547,-0.06536,0.35677,0.02242,0.097426,0.027963,-0.23616,-0.36249,-0.19025,0.31877,0.15396,-0.1182,0.37769,0.050615,-0.18199,0.18835,-0.40541,0.087564,0.086653,0.1267,0.20979
сестра,ru,cousins,F,w2,t1,0.44237,0.0098047,-0.1582,-0.14487,0.064832,-0.28342,-0.061964,-0.45486,-0.037351,-0.07171,0.3667,-0.019044,-0.41432,0.26492,0.11083,0.25714,-0.38383,-0.042265,0.15835,-0.022975,0.20276,0.41595,0.11497,0.16768,-0.085469,-0.24738,-0.32654,-0.40219,-0.42331,0.078593,0.06475,0.0056732,-0.12987,-0.20932,0.21185,0.34212,0.18906,-0.37783,0.26398,0.034866,0.25726,-0.31039,-0.63689,-0.31467,-0.49056,-0.1539,0.27372,0.043533,-0.056728,-0.22388,-0.14567,0.3739,-0.73355,0.13327,0.3896,-0.034985,-0.1751,0.14676,-0.49486,0.37705,0.78017,0.4378,-0.21502,0.50731,-0.0031385,-0.32538,0.42508,0.45332,-0.047717,0.021815,0.3276,0.16618,-0.11894,0.15402,-0.026888,-0.11021,-0.37419,-0.029046,0.31225,0.015182,0.31952,-0.2152,-0.44393,-0.047931,0.26506,-0.38746,0.77529,0.22189,0.05308,-0.27139,0.04892,-0.33769,0.40588,0.34812,-0.084515,-0.041793,-0.64396,-0.11405,0.13264,-0.1277,0.024849,-0.36568,-0.15267,-0.69916,0.31122,0.0047558,-0.21584,-0.19356,-0.30101,0.25151,-0.29907,-0.16282,0.027911,0.14529,0.15837,0.28411,0.34982,0.12935,-0.16197,0.086072,0.4529,-0.11194,-0.27896,0.40817,0.0082277,-0.16061,0.1266,0.53092,0.27473,0.033104,0.0684,-0.4932,-0.37701,-0.2631,0.10585,0.13458,0.12478,0.092719,0.24274,0.20085,0.040875,-0.52459,0.12701,0.20465,-0.10776,-0.22268,0.035679,0.51987,0.099669,0.22167,-0.1215,0.3512,0.29821,-0.040602,0.36873,0.41548,-0.042254,0.023213,0.39377,-0.14179,0.37865,0.33917,-0.12496,-0.201,-0.13045,-0.15778,-0.33885,-0.17056,-0.20709,-0.28567,-0.47302,-0.13641,-0.20326,-0.11927,0.075857,0.61734,0.055789,0.025366,0.25559,0.23973,-0.045277,-0.29769,-0.35031,-0.44862,0.28153,-0.1187,0.70434,-0.17656,0.26727,-0.18978,0.27498,-0.063237,-0.28632,-0.10164,-0.19606,-0.73628,-0.086188,-0.61803,0.24817,-0.23067,-0.11765,0.098386,0.55491,0.1545,0.40459,-0.0065817,0.17329,0.20983,0.17519,0.37013,0.27662,-0.024741,-0.54553,0.040934,-0.523,-0.13598,-0.41375,-0.076588,0.065942,0.1603,-0.22153,-0.098719,0.16212,0.21548,-0.18278,0.15909,-0.18025,0.2548,0.52962,-0.17936,0.032544,0.29477,0.23634,0.42388,0.062741,-0.31895,-0.19055,0.40544,-0.16997,0.01909,-0.4485,0.2635,-0.020414,0.27304,0.14611,-0.18627,-0.1883,0.18471,0.34058,0.099594,0.41599,-0.10894,-0.39827,-0.090966,-0.11312,0.084685,-0.0415,-0.063003,-0.094474,-0.24179,-0.090927,-0.29763,-0.203,0.51148,-0.31244,0.30839,-0.3533,0.11769,0.43045,0.54059,-0.35079,0.45936,0.21862,-0.083782,-0.22045,-0.016204,0.47478,-0.19844,0.17615,0.2499,0.057949,0.43443,-0.15442,-0.0047697,0.10609,0.19458,-0.37015,-0.15747,0.225,0.14369,0.20957,0.14481,-0.061629,-0.0067257,0.56721,0.20254,-0.024519,-0.024854,-0.15502,0.32303
сестра,ru,sister,N,w1,t1,0.44237,0.0098047,-0.1582,-0.14487,0.064832,-0.28342,-0.061964,-0.45486,-0.037351,-0.07171,0.3667,-0.019044,-0.41432,0.26492,0.11083,0.25714,-0.38383,-0.042265,0.15835,-0.022975,0.20276,0.41595,0.11497,0.16768,-0.085469,-0.24738,-0.32654,-0.40219,-0.42331,0.078593,0.06475,0.0056732,-0.12987,-0.20932,0.21185,0.34212,0.18906,-0.37783,0.26398,0.034866,0.25726,-0.31039,-0.63689,-0.31467,-0.49056,-0.1539,0.27372,0.043533,-0.056728,-0.22388,-0.14567,0.3739,-0.73355,0.13327,0.3896,-0.034985,-0.1751,0.14676,-0.49486,0.37705,0.78017,0.4378,-0.21502,0.50731,-0.0031385,-0.32538,0.42508,0.45332,-0.047717,0.021815,0.3276,0.16618,-0.11894,0.15402,-0.026888,-0.11021,-0.37419,-0.029046,0.31225,0.015182,0.31952,-0.2152,-0.44393,-0.047931,0.26506,-0.38746,0.77529,0.22189,0.05308,-0.27139,0.04892,-0.33769,0.40588,0.34812,-0.084515,-0.041793,-0.64396,-0.11405,0.13264,-0.1277,0.024849,-0.36568,-0.15267,-0.69916,0.31122,0.0047558,-0.21584,-0.19356,-0.30101,0.25151,-0.29907,-0.16282,0.027911,0.14529,0.15837,0.28411,0.34982,0.12935,-0.16197,0.086072,0.4529,-0.11194,-0.27896,0.40817,0.0082277,-0.16061,0.1266,0.53092,0.27473,0.033104,0.0684,-0.4932,-0.37701,-0.2631,0.10585,0.13458,0.12478,0.092719,0.24274,0.20085,0.040875,-0.52459,0.12701,0.20465,-0.10776,-0.22268,0.035679,0.51987,0.099669,0.22167,-0.1215,0.3512,0.29821,-0.040602,0.36873,0.41548,-0.042254,0.023213,0.39377,-0.14179,0.37865,0.33917,-0.12496,-0.201,-0.13045,-0.15778,-0.33885,-0.17056,-0.20709,-0.28567,-0.47302,-0.13641,-0.20326,-0.11927,0.075857,0.61734,0.055789,0.025366,0.25559,0.23973,-0.045277,-0.29769,-0.35031,-0.44862,0.28153,-0.1187,0.70434,-0.17656,0.26727,-0.18978,0.27498,-0.063237,-0.28632,-0.10164,-0.19606,-0.73628,-0.086188,-0.61803,0.24817,-0.23067,-0.11765,0.098386,0.55491,0.1545,0.40459,-0.0065817,0.17329,0.20983,0.17519,0.37013,0.27662,-0.024741,-0.54553,0.040934,-0.523,-0.13598,-0.41375,-0.076588,0.065942,0.1603,-0.22153,-0.098719,0.16212,0.21548,-0.18278,0.15909,-0.18025,0.2548,0.52962,-0.17936,0.032544,0.29477,0.23634,0.42388,0.062741,-0.31895,-0.19055,0.40544,-0.16997,0.01909,-0.4485,0.2635,-0.020414,0.27304,0.14611,-0.18627,-0.1883,0.18471,0.34058,0.099594,0.41599,-0.10894,-0.39827,-0.090966,-0.11312,0.084685,-0.0415,-0.063003,-0.094474,-0.24179,-0.090927,-0.29763,-0.203,0.51148,-0.31244,0.30839,-0.3533,0.11769,0.43045,0.54059,-0.35079,0.45936,0.21862,-0.083782,-0.22045,-0.016204,0.47478,-0.19844,0.17615,0.2499,0.057949,0.43443,-0.15442,-0.0047697,0.10609,0.19458,-0.37015,-0.15747,0.225,0.14369,0.20957,0.14481,-0.061629,-0.0067257,0.56721,0.20254,-0.024519,-0.024854,-0.15502,0.32303
сестры,ru,cousins,F,w2,t2,0.1702,0.15766,-0.021505,-0.083559,-0.13825,-0.04468,0.037593,-0.15736,-0.14235,0.044563,0.23901,-0.015477,-0.2027,0.14009,-0.2108,-0.2538,-0.43977,0.052039,0.10552,-0.10481,0.15051,0.28324,0.22154,0.31943,-0.14029,0.080992,-0.34674,-0.062056,-0.16253,-0.013303,-0.098704,0.067446,-0.35586,-0.096923,0.13432,0.073495,-0.2034,-0.57376,0.24929,-0.0058598,0.52346,-0.1658,-0.50958,-0.18115,-0.55433,-0.02184,-0.15219,-0.33072,-0.059359,-0.27745,-0.031376,0.25669,-0.48717,0.37474,0.68476,-0.29531,-0.0016932,0.40309,-0.59575,0.33872,0.372,0.27471,-0.2818,0.46367,-0.048774,-0.18878,0.39433,0.43594,-0.17391,0.53737,0.3445,0.43777,-0.044541,-0.032723,0.033904,-0.093977,-0.33344,-0.08621,-0.054741,-0.12036,0.38335,0.0060849,-0.085883,0.089297,0.074,-0.37081,0.70312,0.44345,0.0054225,0.013669,0.1975,-0.25242,-0.048675,0.29917,0.043272,-0.099953,-0.35898,-0.064312,0.042913,-0.22319,0.14521,0.19402,0.014952,-0.63744,0.26258,-0.031593,-0.20718,-0.32382,-0.39593,0.16867,-0.22157,0.063851,0.18471,0.48182,0.32787,0.25831,0.27363,-0.04229,0.02152,0.38541,0.23789,-0.03036,-0.24789,0.27325,0.1574,-0.161,0.16769,0.15086,0.28311,-0.047611,0.16687,-0.46877,-0.21086,-0.24681,0.063825,0.13524,0.084649,0.092165,-0.13696,-0.083732,-0.17889,-0.26945,0.13922,0.13571,0.30433,-0.48747,-0.13483,0.20059,0.32574,-0.022145,-0.26606,-0.012653,0.022113,-0.11726,0.20263,0.58843,0.059014,0.0086874,0.28226,0.039784,0.22045,0.3839,-0.023017,-0.21438,-0.30044,0.0071819,-0.062284,-0.33261,-0.020811,-0.32551,-0.28957,-0.023768,0.18786,-0.12715,0.049492,0.42158,0.13719,-0.056476,0.21503,0.49818,-0.097124,-0.35847,-0.30412,-0.41556,0.23965,-0.012395,0.33107,0.17551,0.30761,-0.20605,0.52805,0.031538,-0.16932,0.039793,-0.084679,-0.48987000000000003,0.15231,-0.27534,0.004965,-0.12855,-0.043265,0.17324,0.4907,0.38224,0.38568,-0.073083,-0.20192,0.12321,-0.0075999,0.18078,0.15899,-0.19008,-0.34025,-0.14513,-0.55147,-0.35112,-0.33157,-0.19381,0.10047,0.40022,-0.0061793,-0.047543,0.19598,0.33194,-0.094656,-0.066214,-0.10802,0.44389,0.53764,-0.14539,-0.17855,0.1811,0.22147,0.50552,0.13436,-0.44826,-0.0072763,0.3187,0.20173,0.18516,-0.17272,0.3944,-0.18389,0.021792,0.21007,-0.080106,-0.18693,-0.033505,0.12568,0.41979,0.46374,-0.36152,-0.10779,-0.019519,-0.064402,0.08751,-0.10851,-0.1265,-0.024225,-0.3046,-0.050421,-0.020494,-0.31891,0.50056,-0.14154,0.053419,-0.42436,-0.10777,0.38365,0.26754,-0.41354,0.40871,0.74532,-0.16943,-0.22907,-0.13932,0.29788,-0.42429,0.52574,0.059176,0.030762,0.48506,-0.17056,-0.07937,0.209,0.091864,-0.33973,-0.084769,0.059367,0.26,0.19564,0.1626,-0.13889,-0.0026164,0.82115,0.28574,-0.26915,0.25073,-0.25329,0.26869
служба,ru,office,N,w1,t2,0.61577,0.24095,-0.22596,-0.43175,0.015035,-0.12218,-0.1998,0.44622,0.18331,-0.028927,0.17608,0.093007,0.17418,0.18287,-0.04056,-0.22003,0.010205,-0.23652,0.74937,-0.022107,0.31449,-0.0021066,-0.4888,-0.03087,-0.010002,-0.24652,0.46578,0.12667,0.43098,-0.05415,-0.23195,-0.65771,0.28443,-0.19601,-0.23069,0.16724,0.28184,-0.3415,0.012394,-0.25428,0.15495,-0.20698,0.43738,-0.22353,0.055182,0.0026973,0.077582,-0.21119,-0.01922,-0.39199,0.59491,0.63888,0.073856,-0.132,0.48976,0.11853,-0.65376,0.23776,-0.36172,-0.13884,0.35297,0.13525,0.25091,0.098313,0.29823,-0.23506,0.23136,0.22656,0.22726,-0.18675,0.0010106,0.099226,-0.038998,-0.14561,0.17216,-0.062804,-0.03256,0.39524,0.45544,-0.004898,0.059956,-0.17343,-0.11899,-0.036101,-0.013985,-0.062966,-0.23284,0.37552,-0.12057,-0.4947,-0.75604,-0.25469,-0.16813,-0.0017565,-0.33484,0.031508,0.031247,-0.047403,0.40101,-0.51413,-0.18078,-0.12575,0.42612,-0.17701,-0.083211,0.3041,-0.27752,-0.52101,0.087371,0.40416,0.11237,-0.26998,0.31875,0.093755,-0.099247,-0.043095,0.14667,0.17258,0.44671,-0.31465,-0.084941,0.59957,0.019097,-0.47933,-0.11836,0.12906,-0.27853,-0.31184,0.72184,-0.11496,-0.02107,0.52447,-0.33811,-0.10236,-0.58896,-0.16822,0.055776,-0.33863,0.14981,0.41599,0.029493,-0.55778,-0.049833,-0.15665,-0.09861,0.0055952,-0.11261,0.58952,-0.13583,-0.064587,-0.060503,-0.044652,0.42365,0.17574,-0.39517,-0.086101,0.35348,0.022705,0.22818,0.41433,-0.36607,-0.016704,0.13852,-0.090247,-0.13296,0.053381,0.026538,-0.3601,-0.18112,0.41998,-0.16939,0.31965,0.14587,0.38937,-0.32124,-0.011682,-0.14669,0.72726,-0.28564,-0.25138,-0.29513,-0.33436,-0.11759,-0.426,0.29026,0.029241,0.044242,-0.16318,0.015249,0.24586,-0.056586,-0.34882,0.13017,-0.68281,0.20367,-0.43423,-0.2543,-0.20023,0.41422,-0.10001,-0.07207,-0.067866,-0.068328,0.60315,0.17639,0.049611,-0.46375,-0.32718,-0.20529,0.20988,-0.1107,-0.082303,-0.29019,-0.13816,-0.10729,-0.31314,0.11916,0.30546,0.63976,-0.14786,0.42011,0.3438,-0.040119,-0.23978,0.20945,0.57112,-0.42683,0.12246,-0.077892,0.50811,-0.10894,0.15448,-0.08376,0.12527,0.079161,0.5416,-0.04886,-0.33368,-0.29177,0.95998000000000006,-0.11088,0.13197,0.29965,0.25015,-0.10894,-0.57272,-0.13662,-0.14079,-0.53158,-0.2828,0.021207,-0.20549,-0.1646,-0.53383,0.17009,-0.0026381,-0.37695,-0.15508,-0.10526,-0.63179,-0.22751,-0.17038,0.15186,0.35415,-0.12968,-0.10821,-0.21747,-0.3462,0.20449,0.12481,0.074871,0.080286,-0.54568,0.14401,-0.24743,-0.082273,0.18905,-0.10489,-0.16721,-0.22604,-0.06687,0.536,0.26889,-0.28151,0.35814,0.12844,-0.33126,-0.15012,0.16763,0.054553,-0.71777,0.54668,-0.21953,0.25356,-0.066255,0.44063,0.64056,-0.19209,-0.22786,-0.19728
сын,ru,son,N,w1,t1,0.35001,-0.0077524,-0.19116,-0.15841,0.19686,-0.2032,-0.51465,-0.61015,0.27946,-0.19657,-0.23056,0.17362,-0.24253,0.090045,-0.126,0.22131,-0.44669,0.29978,0.27889,0.012629,0.0060261,0.6174,-0.090958,0.28855,-0.18854,-0.13,-0.36533,-0.24873,-0.086483,-0.059994,0.20038,0.2854,-0.12476,-0.16877,0.53897,0.028904,0.23176,-0.26989,0.17974,0.16571,0.083365,-0.1663,-0.4006,-0.31963,-0.43861,-0.17451,0.064012,-0.1622,-0.1154,-0.086693,6.7995e-4,0.10913,-1.125,0.2396,0.17138,0.061338,-0.02237,-0.40608,-0.283,0.31215,0.5649,-0.26915,-0.14272,0.39171,0.063895,-0.25541,0.099377,-0.166,-0.42672,-0.15517,0.47211,-0.22988,-0.039892,-0.041066,-0.17038,-0.14569,-0.45574,-0.20118,0.18249,0.092657,0.14204,-0.024011,-0.15837,0.07925,0.1695,-0.13724,0.57234,0.5157,0.21548,0.11056,-0.084213,-0.072892,0.2649,0.17772,-0.16593,-0.33806,-0.096014,0.22094,0.16102,-0.29719,0.13017,0.061776,0.094122,-0.51192,0.36186,0.13586,-0.31068,-0.15066,-0.037914,0.5438,-0.50582,-0.19522,0.14027,-0.046825,0.11582,0.17299,0.66718,0.0079079,-0.34924,-0.3939,-0.4813,0.047643,-0.13387,0.50426,0.45347,-0.31441,-0.04638,0.62916,0.36976,0.14734,0.014746,-0.19692,0.099074,0.26912,0.23037,0.17316,0.19304,-0.038969,0.04978,-0.060632,0.32938,-0.055699,-0.02648,-0.33964,-0.047916,0.12296,-0.028607,0.38264,0.25755,-0.1009,-0.0019851,0.0070254,0.15034,-0.3012,0.15367,0.26661,-0.27993,0.087911,0.25033,-0.27744,0.12781,0.15934,0.063028,-0.19301,-0.26939,-0.0714,-0.1337,-0.010585,0.01589,-0.1067,-0.33684,-0.52864,-0.14921,-0.31145,0.21201,0.44788,-0.10526,-0.08227,-0.1324,0.41002,0.41281,-1.2181,-0.39614,-0.20205,-0.11992,-0.28691,0.11169,-0.22078,0.058679,0.036122,0.50894,-0.27426,0.21193,-0.18779,-0.2129,-0.47513,0.33169,-0.58051,-0.14715,-0.20541,-0.039592,0.35184,0.2517,0.40859,0.24584,-0.11623,0.1115,-0.20583,0.23587,0.2065,0.064406,-0.3515,-0.38527,0.079937,-0.29542,-0.0042609,-0.43084,0.047854,-0.18809,-0.25468,-0.33579,0.40312,0.56949,-0.15447,0.20636,0.12957,-0.19471,0.15071,0.0086175,-0.26733,-0.21257,0.3152,0.33147,0.34257,-0.30856,-0.40389,-0.077048,0.49467,-0.2199,0.19327,-0.33354,0.27366,-0.48729,-0.25549,0.0025492,-0.2021,0.10734,0.31007,0.071383,-0.20985,0.26537,-0.19852,-0.29346,0.14523,-0.32375,0.027208,-0.084876,0.15545,-0.21446,0.47703,-0.38235,-0.034329,-0.12837,0.13952,-0.30677,0.75223,-0.46644,-0.27849,0.03994,0.25325,-0.41107,0.50651,-0.14397,-0.48612,-0.52273,-0.36217,0.27865,0.37728,0.50321,0.18937,-0.29907,0.065902,-0.31553,-0.022178,-0.48854,0.3385,-0.14215,0.30362,-0.25104,0.06153,0.019954,-0.13127,0.21839,0.28892,0.41843,0.31918,0.099458,-0.1919,-0.42741,0.13875
твой,ru,his,N,w1,t3,0.046573,0.10611,0.30658,-0.15405,-0.1297,0.011637,0.061871,-0.31965,0.25751,0.19371,0.018884,0.39514,-0.017505,0.10779,-0.41553,-0.1969,0.21029,0.042684,0.15155,-0.32681,0.03641,0.2608,-0.12162,-0.064671,-0.19066,0.024554,0.81856,-0.038501,0.47613,-0.11362,-0.061299,0.39247,0.12163,-0.84928,0.1458,-0.11697,-0.031375,-0.34167,0.032015,-0.18648,0.34654,-0.28334,-0.1535,-0.26042,0.18675,-0.13844,0.29013,0.23094,0.072438,-0.17903,0.15796,0.02731,-0.27264,-0.11854,0.36153,0.19087,0.22884,0.27543,0.3001,0.50886,0.32897,-0.71988,-0.11263,0.65558,0.064608,0.52781,0.06454,0.27539,0.089212,-0.1643,0.50358,0.10898,-0.025027,0.25037,-0.0021701,-0.2479,0.13606,0.40351,3.1417e-5,0.10412,-0.3412,0.086952,-0.2057,0.47556,0.48525,-0.032304,0.19518,0.24499,-0.15453,0.17646,0.16239,0.13272,0.38717,0.040032,0.058386,-0.097523,0.38755,0.42856,0.12343,0.01216,0.48795,-0.27136,0.37421,-0.0063464,-0.15418,0.20753,-0.59446,-0.41652,-0.32309,0.45584,0.16153,0.061872,-0.096407,-0.4654,-0.31606,0.06333,-0.09054,0.061567,-0.72881,-0.36883,-0.21928,0.18932,-0.15882,-0.39143,0.11919,-0.33947,-0.48414,-0.073888,0.025895,0.18371,-0.18438,-0.19191,-0.26873,0.076631,0.09453,0.47654,-0.21235,-0.28004,0.24188,-0.0014526,-0.26679,0.04414,-0.42218,0.091179,0.37372,-0.48035,-0.022365,0.14068,-0.14816,-0.40474,0.41837,-0.29675,-0.54305,-0.26243,-0.42613,0.011758,0.19907,0.17775,0.47435,0.10948,0.0018485,0.55304,0.40782,-0.22023,-0.95605,-0.060789,-0.29266,0.23333,-0.14834,0.2145,-0.048923,0.082891,-0.24548,0.59024,-0.018934,0.082625,3.0732e-4,0.49208,0.48053,-0.25123,0.11108,-0.081888,-0.70291,-0.30931,0.06024,0.66578,-0.045187,0.08498,0.20205,0.029256,0.43915,-0.12083,-0.19284,-0.2418,0.13797,-0.31763,-0.09187,-0.27947,0.18637,0.2923,-0.0021285,0.1588,0.3204,0.57929,0.11595,0.32813,-0.33397,-0.21049,-0.24492,-0.03142,-0.28118,-0.22661,-0.42058,-0.084396,-0.36838,0.11351,0.017499,0.19705,0.05078,-0.13175,0.093073,-0.029219,0.22255,-0.030171,-0.05743,0.48302,-0.1338,-0.0029371,0.088225,-0.1817,-0.043739,0.11887,-0.040813,-0.15713,-0.41355,0.10992,-0.41614,-0.069159,-0.11992,0.13216,-0.33556,-0.078864,-0.42974,-0.29629,0.52825,-0.17132,0.27396,-0.026226,0.12141,-0.11867,0.16639,-0.30181,-0.13647,0.014521,0.06242,0.33151,-0.091064,0.084544,-0.32384,0.09723,-0.064548,-0.53118,0.15387,0.15299,-0.0051155,0.03485,-0.1966,-0.1392,-0.024372,0.095429,0.13198,0.4743,-0.1701,-0.34395,-0.15665,-0.018199,-0.072269,0.034584,0.1435,-0.060624,-0.80018,-0.032817,0.29436,-0.48204,0.18971,0.22512,-0.62367,-0.31124,0.065609,-0.056309,-0.0029282,0.2023,-0.049935,-0.26108,0.32772,0.052614,-0.17139,0.04422,-0.3567,-0.11468
творческая,ru,creative,N,w1,t1,0.50928,0.11051,0.11473,-0.095462,-0.085289,-0.188,-0.43776,0.23312,-0.092053,-0.033086,0.31661,0.56817,-0.079383,0.26094,0.51412,0.069713,-0.54307,-0.0014037,0.56814,0.30117,-0.20794,0.43416,0.29435,-0.090278,0.10808,-0.092941,0.14809,-0.4445,0.18227,-0.20966,-0.27743,0.088755,-0.16584,-0.55759,0.74936,0.21051,-0.068597,-0.013541,0.24049,-0.010059,-0.0021165,-0.010742,0.10726,0.062695,-0.11719,0.097495,0.26921,-0.072009,-0.35568,-0.39025,0.061816,0.031304,0.37918,0.064785,0.046907,0.097339,-0.33336,0.14047,0.099921,-0.11539,0.55169,0.052957,0.011811,0.21861,0.016061,0.10029,0.14182,0.39863,0.10936,0.14456,0.24777,0.30615,-0.97714,-0.11107,-0.026492,0.3132,0.093787,0.19331,0.093772,0.3247,-0.18537,0.039245,0.1489,-0.003954,0.19166,-0.30983,0.04171,0.37933,0.099542,-0.0055582,-0.33959,1.1586e-4,0.26481,-0.1583,-0.1128,0.20446,-0.32288,0.15832,0.034044,-0.44643,0.098971,-0.19366,0.12675,-0.53068,-0.051761,0.11734,-0.17881,0.015767,-0.017434,0.33819,0.22889,-0.12955,-0.058271,-0.045362,-0.50072,0.56372,-0.0331,0.037347,-0.40582,-0.19844,0.1386,-0.11033,-0.044768,-0.2775,0.26274,0.28119,0.014041,0.038042,0.031725,0.092511,0.27686,0.36688,-0.2124,-0.095699,0.1108,0.28062,0.49633,-0.43584,0.47027,0.26264,-0.22521,-0.2073,0.22682,0.045532,0.0029727,0.029199,0.10832,0.23523,-0.16901,-0.013861,0.10403,-0.2003,0.47742,-0.0040856,-0.12848,-0.099808,0.25179,0.029997,0.17491,-0.01647,0.36536,-0.19468,0.28104,-0.7381,-0.4857,0.36616,0.604,-0.49502,-0.085156,0.37134,0.07987,0.2748,0.25554,-0.10681,0.13074,0.043338,0.24208,0.045396,0.29735,0.10816,0.055278,0.08778,-0.13618,-0.22594,0.15696,0.34835,-0.13469,0.12451,0.25047,0.012569,0.12757,-0.37608,-0.10818,0.075605,-0.061692,-0.068532,0.18745,-0.27872,0.064706,0.035354,-0.073614,0.27406,-0.10319,0.15822,-0.13786,-0.03441,0.026725,-0.178,0.32312,-0.068374,-0.35688,-0.41807,-0.41478,-0.45921,-0.34677,-0.01665,-0.69864,-0.023037,0.63089,-0.051743,-0.32008,0.083359,0.16922,-0.44222,-0.68854,0.54021,0.24103,0.057277,-0.29917,0.049388,0.028032,0.27599,0.42781,-0.17059,0.19365,0.079532,-0.15845,-0.14721,0.0033982,0.25082,-0.14143,0.37704,0.10617,0.006672,0.17809,-0.54491,0.037719,0.022964,-0.098656,-0.49214,0.27964,-0.40213,-0.1212,0.21749,0.11363,0.27684,-0.25819,-0.20667,-0.055281,-0.073311,-0.32741,0.055207,-0.22287,0.5523,0.27664,0.2375,-0.16051,-0.072555,-0.075633,-0.235,0.41255,-0.10922,-0.031012,0.31454,-0.20802,0.08468,0.74727,0.094466,0.037339,0.27879,-0.039934,-0.57687,0.26254,0.49737,0.30329,0.05921,-0.40363,-0.022737,0.1537,0.12958,-0.01094,0.19538,0.17058,-0.098388,0.60077,-0.49166,0.45396,0.24335,-0.12334,-0.17953
творческий,ru,creative,N,w1,t1,-0.0032441,0.237,0.23338,-0.053526,-0.009844,-0.085912,-0.11339,0.072855,-0.1915,-0.11829,0.43212,0.3603,-0.17707,0.1508,-0.25956,-0.54017,-0.41324,0.3393,0.30282,0.28389,-0.12557,0.30620000000000003,0.067449,0.18156,-0.22375,0.35444,0.39668,-0.21069,-0.022414,-0.037528,-0.025162,0.4759,-0.072432,-0.59312,0.69579,-0.026829,0.12736,-0.31675,0.22169,-0.24248,0.19102,0.14886,0.15917,0.39917,0.17058,-0.0458,0.45084,0.0030237,0.095364,-0.36381,0.033066,-0.022397,-0.01345,0.11401,0.033836,-0.28257,-0.18512,0.05323,0.35684,0.15563,0.54994,-0.10332,-0.050268,0.47204,0.058291,0.044602,-0.11892,0.081836,0.31068,0.068815,0.45021,0.32811,-0.63501,-0.043189,-0.14028,0.25425,-0.040466,0.35622,0.078297,0.37189,0.23609,0.10158,0.14421,0.38439,0.28626,0.23651,0.03552,0.46064,-0.085326,-0.061826,-0.10252,-0.074762,0.35228,0.17951,-0.27965,-0.020878,-0.05759,-0.0042461,-0.10353,-0.33481,0.37398,0.27762,0.015718,-0.37578,-0.026302,-0.051046,-0.16868,-0.069487,0.0071756,0.39075,0.39049,0.26704,-0.38473,0.00968,-0.4377,0.64795,-0.1807,0.026219,-0.46208,-0.30308,0.45182,-0.22113,-0.30439,-0.23036,0.38657,0.23112,0.014365,0.089399,-0.14093,0.13204,0.50102,0.28839,-0.41016,0.29691,0.25627,0.50359,0.50197,-0.067157,0.23671,0.079057,-0.30178,-0.2792,0.042973,0.28181,-0.15839,-0.23695,0.013432,-0.066219,-0.10234,0.0070241,0.29258,0.074749,-0.0028588,-0.22559,-0.2937,-6.1977e-4,0.21951,0.13712,0.1394,0.21669,0.16551,-0.21862,0.30373,-0.57916,-0.55238,0.18573,0.47174,-0.64656,-0.10505,0.099125,0.2809,-0.040127,-0.19633,-0.25899,0.26198,-0.059681,0.40466,-0.17393,0.43607,0.032874,0.11106,0.3784,-0.00865,-0.32732,0.10701,0.27682,-0.21475,0.286,0.07302,-0.31691,0.25867,-0.32803,-0.0090092,0.025409,-0.12258,0.0060969,0.11492,-0.092988,0.11109,0.0087553,-0.043905,0.14014,-0.45772,0.16166,0.094693,-0.31104,-0.14805,-0.30524,0.38548,0.24138,-0.29222,-0.64652,0.098437,-0.46783,-0.35894,0.018376,-0.57504,-0.071387,0.31663,0.14354,-0.44923,-0.12618,0.21909,-0.28215,-0.35329,0.53897,0.11129,0.12256,-0.090027,0.13791,0.088139,0.29911,0.20063,-0.055973,0.045989,-0.3097,-0.17829,-0.12931,-0.054646,0.49075,-0.17633,-0.18439,-0.1629,0.18717,0.43214,-0.018136,-0.053151,-0.0030028,0.1459,-0.29179,-0.0058265,-0.48482,-0.020632,0.24649,0.22183,0.07217,-0.36715,0.023776,-0.14731,0.11175,-0.085595,3.7648e-5,-0.2777,0.52822,0.019527,0.32792,0.028177,-0.26266,-0.13936,-0.23999,0.17258,0.21036,0.085204,-0.023672,0.15168,0.15461,0.57479,0.092854,0.084929,0.25926,-0.2694,-0.56341,0.46243,0.10558,0.15758,0.34217,-0.21204,-0.018963,0.21263,-0.40324,0.012489,0.066474,-0.17477,-0.30894,0.41396,-0.28308,0.11634,0.087841,-0.38908,-0.1933
твоя,ru,hers,N,w1,t5,0.20639,0.066674,0.0080521,-0.026742,-0.45976,0.045888,-0.20727,0.063332,0.37095,0.015028,0.010027,0.75468,0.10764,0.11457,-0.17178,0.2905,-0.011489,-0.15751,0.15153,-0.20728,8.5347e-4,0.40673,-0.11357,-0.30023,-0.050747,-0.27484,0.61434,-0.10189,0.21225,0.19053,-0.30868,-0.021618,-0.086008,-0.59219,0.31843,0.11906,-0.063156,-0.15102,0.34193,0.2232,-0.19608,-0.39108,-0.21755,-0.65265,-0.012072,0.047611,0.00913,0.10517,-0.11182,-0.16392,0.23824,-0.099906,-0.034231,-0.30431,0.45396,0.0031368,-0.021055,0.44551,0.40489000000000003,0.30445,0.69183,-0.015232,-0.19676,0.3728,0.052343,0.43153,0.6821,0.92427,0.23184,-0.35715,0.0041744,0.072972,-0.15265,0.10832,0.2055,-0.010401,0.36759,0.49402,0.017525,-0.1449,-0.11882,0.18563,-0.067552,0.33317,0.26423,-0.37072,0.16367,0.18688,-0.22342,0.042816,0.11205,0.26484,0.33035,-0.16602,0.20797,-0.11271,0.4876,0.61956,0.08996,-0.090908,0.22435,-0.42017,0.070791,-0.02633,-0.2047,0.36042,-0.66308,-0.80286,-0.1936,0.19521,-0.041173,-0.15632,-0.072784,-0.50303,-0.16271,0.18134,0.11004,0.32416,-0.48419,-0.38563,-0.43745,0.096326,-0.15086,-0.28864,0.41684,0.23953,-0.16602,-0.01351,0.055141,0.57059,-0.0061785,-0.12274,-0.29905,0.21398,0.063731,0.041635,-0.034286,-0.39011,0.41374,0.091918,-0.078633,-0.10048,-0.08062,0.066459,0.36623,-0.28849,0.13216,0.5159,0.075282,-0.0095618,0.054266,-0.61742,-0.40124,-0.14262,-0.47534,0.30263,0.6662,0.066449,0.48639,0.64288,0.47909,0.87227,0.13269,-0.19326,-0.52345,0.10624,-0.11327,0.26859,-0.21082,0.28643,0.047934,-0.035017,-0.14576,0.39269,0.021458,-0.080695,0.41408,0.38775,0.39841,-0.061859,0.065589,-0.18862,-0.85195,-0.26302,0.22089,0.44956,-0.028635,0.069653,0.10632,0.53862,0.36747,-0.28502,-0.55519,0.032177,0.31849,-0.094413,-0.13036,-0.47158,-0.123,0.295,-0.15871,0.32266,0.12121,0.54564,0.028953,0.49571,-0.1658,0.31049,-0.15012,-0.0078841,-0.49924,-0.21914,-0.49353,0.058261,-0.36032,-0.033285,-0.11311,0.37251,0.042874,0.3986,0.22209,0.10751,0.41117,0.21654,-0.13722,0.24091,0.14562,-0.0096212,0.23494,-0.1187,-0.31556,-0.20438,0.088744,-0.033806,-0.069616,0.37761,-0.28511,0.033609,-0.11477,0.064599,-0.47258,0.18995,-0.068608,-0.091586,0.32927,-0.66066,0.15676,-0.24391,0.16322,-0.32232,0.43855,-0.51881,0.12577,-0.093731,0.32804,0.13903,0.047772,-0.35347,-0.37772,0.12369,-0.252,-0.18418,-0.12291,-0.07535,0.17453,-0.042312,-0.11992,0.095133,0.0029029,0.21092,0.27397,0.38151,-0.29761,-0.18822,-0.094972,-0.025794,-0.01473,0.20579,0.14769,0.28074,-0.45243,-0.12572,-0.13662,-0.10712,0.17669,0.14394,-0.50354,-0.34113,-0.053234,0.060049,0.16249,0.16407,-0.21011,-0.020468,0.61013,-0.024819,-0.10122,-0.17657,-0.33422,0.035043
умная,ru,super-smart,N,w2,t1,0.50727,-0.10117,-0.15027,0.30343,-0.37106,-0.44574,0.2876,-0.011448,0.18476,-0.60446,0.4238,0.59892,-0.25168,0.26834,0.44752,0.017436,-0.067176,-0.47244,0.63129,0.32269,0.12125,0.3065,0.040949,-0.19348,-0.13169,-0.05633,-0.035076,-0.37084,0.023384,0.26747,-0.36162,0.27485,0.3533,-0.42407,0.1824,0.18413,0.44385,0.23955,-0.036885,0.25892,-0.29465,-0.1892,-0.68903,0.17902,0.050122,-0.029042,0.20447,0.23943,-0.18749,-0.15879,0.22746,0.041877,0.073788,-0.18586,0.21459,0.0077869,-0.37215,-0.20175,0.24256,-0.061506,0.63155,0.30638,-0.58079,0.32103,0.17377,0.042292,0.26577,0.36539,-0.1332,0.0063314,0.40612,0.23058,-0.41469,0.13278,-0.36594,-0.43125,0.68203,-0.21843,0.43120000000000003,-0.1591,0.10132,0.1733,0.099543,0.07556,-0.0065639,0.14717,0.67195,0.42769,0.11045,-0.38591,-0.19034,-0.28104,0.12239,0.11612,0.23614,0.037304,-0.50381,0.23068,0.16352,-0.2799,0.25037,-0.46878,0.17145,-0.31145,0.20631,0.038925,-0.2932,-0.25227,0.17931,0.1675,-0.22633,-0.11702,-0.15397,0.23619,-0.16458,0.44866,0.0209,0.24568,-0.65916,-0.17224,0.11977,0.2047,-0.18373,-0.087412,0.19022,0.11193,-0.29044,-0.028464,0.23653,0.23064,0.18499,0.42795,-0.22156,0.075754,0.090283,-0.26746,-0.079066,-0.16086,0.59464,0.35273,-0.026699,-0.30701,0.16966,0.011526,0.15962,0.052449,-0.30833,0.47725,-0.16663,0.23361,0.2624,-0.24599,-0.13529,-0.035639,-0.16307,0.32887,-0.1516,-0.0099662,0.3519,0.044041,0.036961,0.14307,-0.43199,-0.35658,-0.16848,0.46699,-0.043414,0.20793,-0.18515,-0.15171,-0.41026,-0.026737,-0.018513,0.21746,-0.39519,0.069288,0.17827,0.2801,0.10647,-0.33392,-0.22125,0.19244,-0.27995,-0.83348,0.3118,0.3347,0.31439,-0.18174,0.18089,-0.31446,-0.35664,-0.36974,-0.22941,-0.20041,-0.24599,-0.48357,-0.80336,-0.7027,-0.21819,-0.10632,-0.71531,0.052476,0.069389,0.08175,-0.16854,0.3339,0.30718,-0.022134,0.30003,0.11161,0.61939,-0.080673,-0.74201,0.032963,0.086888,0.088048,0.017802,0.050163,0.26887,4.1516e-4,0.093525,-0.24216,0.17643,0.092537,-0.5391,0.10569,0.40671,0.23227,0.22463,-0.36509,-0.099345,0.18173,0.17718,0.053002,0.19906,-0.021613,0.054657,0.14744,0.20136,-0.03444,-0.78408,0.65722,0.069974,-0.060432,0.25119,-0.048398,0.18586,0.42309,0.4181,0.069852,0.66857,-0.2159,-0.18384,-0.28097,-0.32391,0.11555,-0.20377,0.21437,-0.086428,-0.32088,-0.28313,-0.72424,-0.1547,0.65823,0.013641,0.16427,-0.44855,0.15807,0.23417,0.44761,0.37979,-0.23863,0.11478,0.48919,-0.35008,-0.19792,0.46852,0.36477,-0.32841,0.30048,0.064573,-0.027507,-0.2354,0.23808000000000001,0.17989,-0.1952,-0.26393,-0.53208,0.37402,-0.0032615,0.24643,0.55702,0.018227,0.25559,0.38189,-0.12467,-0.043727,-0.088581,-0.54395,0.49108
умный,ru,super-smart,N,w2,t1,0.17423,0.33368,0.33567,0.030203,0.09329,-0.075719,0.26427,-0.27876,-0.13044,-0.34261,-0.11083,0.31835,0.047276,0.015543,0.1584,-0.13699,0.17164,-0.16134,0.4692,-0.099495,0.19219,0.23556,0.010902,0.041643,-0.060529,-0.053014,-0.16932,-0.14932,0.14899,0.37376,0.18508,0.31377,0.62596,0.055457,0.1345,0.068673,-0.042519,0.28107,-0.18078,0.028895,0.10023,-0.10959,-0.42027,0.27311,-0.074404,-0.049856,0.070291,0.27571,0.0054365,-0.26782,0.10423,-0.24104,-0.21453,-0.21646,0.30506,-0.033498,-0.11815,-0.1049,0.16633,-0.010135,0.23547,-0.051118,-0.30117,0.68294,0.15882,-0.094714,-0.3526,-0.065816,-0.088486,0.078602,0.79184,0.48779,-0.27744,0.16598,-0.21302,-0.31156,0.49641,-0.31789,0.45288,0.1363,-0.025749,0.28413,0.13335,0.12713,0.31072,0.12815,0.33358,0.62041,0.17242,0.096066,-0.10359,-0.046567,-0.26829,0.49199,-0.29476,-0.14022,-0.11517,0.48068,-0.084393,-0.051949,0.34647,-0.0048844,0.24159,0.028426,0.29359,-0.18346,-0.45789,0.046742,-0.17438,0.67619,0.02815,-0.0079626,-0.30261,0.21098,0.044244,0.69098,-0.098831,0.10958,-0.53008,-0.020745,-0.041185,0.18398,0.26333,-0.24298,0.23443,0.16014,-0.024407,-0.042403,0.1292,0.27856,0.4351,-0.12934,-0.38657,0.20997,0.2427,0.066855,-0.21478,-0.027533,0.17217,-0.1189,-0.030666,-0.19712,-0.01444,-0.13976,0.26606,-0.16462,-0.27246,0.32323,-0.32186,-0.20422,0.3422,-0.18965,-0.21745,-0.1222,-0.085786,0.19151,-0.22802,0.045653,0.066055,-0.21757,-0.23063,0.43006,0.088471,0.23668,-0.50564,0.076959,-0.014345,-0.036688,0.1727,-0.069736,-0.36309,-0.1032,-0.38155,0.21508,-0.11875,0.51242,0.25436,-0.076547,0.27276,0.068974,-0.083694,0.20638,-0.4671,-0.94572,-0.0022899,0.065259,-0.11332,0.1427,0.040203,-0.34326,-0.19485,-0.44512,0.011055,-0.23028,-0.56724,-0.41763,-0.47329,-0.33576,0.099471,-0.13205,-0.48295,0.12401,0.022474,0.46574,-0.0043922,0.42882,-0.25323,-0.2812,0.33971,-0.0035698,0.46702,0.2132,-0.49891,-0.080544,-0.024454,0.044143,0.61912,0.26773,0.15663,-0.381,-0.21333,-0.49631,0.1103,-0.059945,0.11552,0.59093,0.39509,0.27623,-0.086979,-0.19946,-0.15326,0.27292,-0.20162,-0.031917,-0.21719,-0.19884,-0.079037,-0.16298,-0.078805,0.26671,-0.40243,0.17389,-0.44899,-0.034063,0.24393,0.16726,0.14695,0.28434,0.15068,-0.030917,0.16199,-0.51919,-0.17462,0.27699,-0.24288,0.032057,-0.28454,0.24962,-0.078883,0.10178,-0.21573,-0.93412,-0.004683,0.55507,-0.44836,0.035757,0.049391,-0.043686,0.18943,0.040471,0.2549,0.13964,-0.43873,0.32327,-0.45834,-0.27724,-0.13913,0.44806,0.034111,-0.14527,-0.25598,0.1133,0.07999,0.043464,-0.12188,0.26176,-0.48819,-0.25699,0.18204,-0.45199,0.50029,0.35189,0.20377,-0.14246,-0.12982,-0.24848,-0.11179,0.036147,-0.22016,0.049767
управление,ru,management,M,w1,t1,-0.20124,0.044162,0.14616,-0.17421,-0.12421,-0.089484,-0.58619,0.24151,0.10027,-3.4037e-4,-0.37935,0.24967,-0.29486,-0.040647,-0.063203,-0.44579,-0.17356,0.0055837,0.4448,-0.29617,-0.037554,0.1246,-0.13081,0.052558,0.25371,-0.52367,0.56112,0.083378,0.86314,-0.14059,0.27957,0.18361,0.22659,-0.3735,-0.2682,0.075376,0.1398,0.033852,-0.25595,0.16276,0.52605,-0.43444,-0.086724,0.091668,-0.059427,-0.25695,0.62303,-0.16626,0.50527,0.15509,0.087795,-0.45422,-0.19602,-0.40343,0.79054,0.04316,0.33269,0.24736,-0.43444,-0.12766,0.15976,0.40958,-0.039098,-0.40856,0.64228,-0.27779,-0.037055,0.28166,-0.042041,-0.36576,-0.10012,0.20591,-0.0059706,-0.15154,-0.53708,-0.34122,-0.37049,-0.12649,0.3103,-0.039311,0.47752,0.25895,0.6635,-0.29844,0.090678,-0.11928,-0.091429,0.29731,-0.21968,0.025535,-0.2757,-0.29361,-0.086323,0.39769,-0.30365,-0.25684,0.0019366,-0.016698,0.31825,0.01795,-0.24603,0.6049,0.48383,0.21625,-0.48748,-0.30368,-0.019887,-0.48398,0.3271,0.43143,0.12624,-0.31438,-0.10072,0.10945,0.30992,0.15376,0.09643,0.52508,-0.35078,-0.29169,0.083818,0.23136,-0.1698,-0.67673,-0.055837,0.13275,-0.47769,-0.2821,0.6048,-0.15287,0.26662,0.28339,-0.30963,0.30637,-0.28125,0.10561,-0.28742,-0.49112,0.73383,0.15593,-0.49187,-0.51564,0.26954,-0.5743,-0.073753,-0.34957,-0.045242,0.37087,0.47921,-0.49166,-0.47034,-0.34181,0.31033,0.20198,-0.50694,-0.35941,-0.25846,-0.076463,-0.29095,0.26913,-0.41485,0.0089151,0.28462,-0.2233,-0.13932,-0.28776,-0.0091707,0.090883,-0.49463,0.25327,-0.27786,-0.13163,0.55515,-0.17428,-0.30945,-0.0064234,0.20682,0.5198,0.076212,0.26655,-1.0241,-0.13718,-0.32972,0.25333,-0.16522,-0.11829,0.11232,0.12972,0.18064,-0.038907,0.16747,0.048853,0.1107,-0.49425,-0.84957,-0.13444,0.14264,0.53559,-9.9069e-4,-0.59635,-0.23228,-0.42249,0.059064,0.28498,0.61147,-0.24836,0.61309,-0.87561,0.23424,-0.069282,0.57414,-0.85274,-0.25824,-0.07332,-0.50452,-0.061811,-0.14431,-0.025996,-0.30271,0.13744,0.27526,-0.14128,0.21086,0.0034144,0.18873,-0.24244,0.026152,-0.12502,0.25208,0.13108,-0.37001,-0.21456,-0.37261,-0.099593,0.14397,0.064624,0.021329999999999998,-0.38004,0.35771,-0.24704,-0.10111,0.26903,0.079161,-0.29021,0.50751,0.016662,-0.27143,-0.087817,-0.0777,0.067882,-0.018073,-0.25009,-0.096112,0.024252,-0.27599,0.22414,-0.30334,-0.31672,-0.048196,-0.32217,-0.21348,-0.31642,-0.15447,-0.10096,-0.2789,0.11183,-0.027671,0.10082,0.31402,0.15024,-0.46302,-0.0096503,-0.09798,0.36068,-0.024534,-0.024055,0.19024,0.32537,0.18217,0.053653,0.16201,0.17937,0.19021,-0.072104,-0.12902,0.052174,-0.49085,0.071748,-0.32339,0.20371,-0.041708,0.6469,-0.37856,-0.20803,0.13214,-0.29748,0.41139,-0.19124,-0.14558,-0.12151
управление,ru,management,F,w1,t1,-0.20124,0.044162,0.14616,-0.17421,-0.12421,-0.089484,-0.58619,0.24151,0.10027,-3.4037e-4,-0.37935,0.24967,-0.29486,-0.040647,-0.063203,-0.44579,-0.17356,0.0055837,0.4448,-0.29617,-0.037554,0.1246,-0.13081,0.052558,0.25371,-0.52367,0.56112,0.083378,0.86314,-0.14059,0.27957,0.18361,0.22659,-0.3735,-0.2682,0.075376,0.1398,0.033852,-0.25595,0.16276,0.52605,-0.43444,-0.086724,0.091668,-0.059427,-0.25695,0.62303,-0.16626,0.50527,0.15509,0.087795,-0.45422,-0.19602,-0.40343,0.79054,0.04316,0.33269,0.24736,-0.43444,-0.12766,0.15976,0.40958,-0.039098,-0.40856,0.64228,-0.27779,-0.037055,0.28166,-0.042041,-0.36576,-0.10012,0.20591,-0.0059706,-0.15154,-0.53708,-0.34122,-0.37049,-0.12649,0.3103,-0.039311,0.47752,0.25895,0.6635,-0.29844,0.090678,-0.11928,-0.091429,0.29731,-0.21968,0.025535,-0.2757,-0.29361,-0.086323,0.39769,-0.30365,-0.25684,0.0019366,-0.016698,0.31825,0.01795,-0.24603,0.6049,0.48383,0.21625,-0.48748,-0.30368,-0.019887,-0.48398,0.3271,0.43143,0.12624,-0.31438,-0.10072,0.10945,0.30992,0.15376,0.09643,0.52508,-0.35078,-0.29169,0.083818,0.23136,-0.1698,-0.67673,-0.055837,0.13275,-0.47769,-0.2821,0.6048,-0.15287,0.26662,0.28339,-0.30963,0.30637,-0.28125,0.10561,-0.28742,-0.49112,0.73383,0.15593,-0.49187,-0.51564,0.26954,-0.5743,-0.073753,-0.34957,-0.045242,0.37087,0.47921,-0.49166,-0.47034,-0.34181,0.31033,0.20198,-0.50694,-0.35941,-0.25846,-0.076463,-0.29095,0.26913,-0.41485,0.0089151,0.28462,-0.2233,-0.13932,-0.28776,-0.0091707,0.090883,-0.49463,0.25327,-0.27786,-0.13163,0.55515,-0.17428,-0.30945,-0.0064234,0.20682,0.5198,0.076212,0.26655,-1.0241,-0.13718,-0.32972,0.25333,-0.16522,-0.11829,0.11232,0.12972,0.18064,-0.038907,0.16747,0.048853,0.1107,-0.49425,-0.84957,-0.13444,0.14264,0.53559,-9.9069e-4,-0.59635,-0.23228,-0.42249,0.059064,0.28498,0.61147,-0.24836,0.61309,-0.87561,0.23424,-0.069282,0.57414,-0.85274,-0.25824,-0.07332,-0.50452,-0.061811,-0.14431,-0.025996,-0.30271,0.13744,0.27526,-0.14128,0.21086,0.0034144,0.18873,-0.24244,0.026152,-0.12502,0.25208,0.13108,-0.37001,-0.21456,-0.37261,-0.099593,0.14397,0.064624,0.021329999999999998,-0.38004,0.35771,-0.24704,-0.10111,0.26903,0.079161,-0.29021,0.50751,0.016662,-0.27143,-0.087817,-0.0777,0.067882,-0.018073,-0.25009,-0.096112,0.024252,-0.27599,0.22414,-0.30334,-0.31672,-0.048196,-0.32217,-0.21348,-0.31642,-0.15447,-0.10096,-0.2789,0.11183,-0.027671,0.10082,0.31402,0.15024,-0.46302,-0.0096503,-0.09798,0.36068,-0.024534,-0.024055,0.19024,0.32537,0.18217,0.053653,0.16201,0.17937,0.19021,-0.072104,-0.12902,0.052174,-0.49085,0.071748,-0.32339,0.20371,-0.041708,0.6469,-0.37856,-0.20803,0.13214,-0.29748,0.41139,-0.19124,-0.14558,-0.12151
художественная,ru,artistic,N,w1,t2,0.40693,0.17732,-0.058911,0.0056122,-0.35405,-0.06776,0.022949,0.074555,0.37358,-0.05021,0.057273,0.083304,0.30932,0.41594,0.1626,0.21669,-0.42537,-0.40286,0.50439,0.233,-0.17339,0.0060671,-0.0036145,-0.0074755,-0.04435,-0.14801,0.25117,-0.34347,-0.18965,0.24223,-0.34006,-0.15141,-0.35249,-0.36241,0.35084,0.46961,0.0066158,-0.62516,0.37137,-0.019757,-0.38262,-0.13518,0.4685,0.0054641,-0.071831,-0.10329,0.22515,-0.14308,-0.26477,-0.38927,-0.0094392,-0.23844,0.087858,0.51087,0.04348,0.13054,-0.2264,0.2091,-0.13951,-0.23163,0.21627,-0.05649,0.16835,0.42857,0.16193,-0.25137,-0.021063,0.16227,0.48662,-0.17293,0.13244,-0.13603,-0.22784,-0.21733,-0.13759,-0.20193,0.39244,0.12784,0.13943,-0.025338,-0.10784,-0.16544,0.29337,-0.41001,0.1296,-0.36075,0.34881,0.32247,-0.0059526,0.23656,0.13471,-0.013065,0.011416,0.066742,0.057319,0.0692,-0.40512,0.02633,0.12018,-0.51826,0.18015,-0.21708,0.028541,-0.58399,-0.14158,0.15952,-0.048155,-0.11517,-0.27294,0.1168,0.33074,0.025578,-0.38441,0.068009,-0.33797,0.11445,0.22881,0.31995,-0.74499,0.21377,0.29728,-0.27385,-0.17573,-0.37909,0.53115,-0.15501,-0.62368,0.020115,0.20658,0.1513,0.20263,0.035069,-0.15853,-0.062342,0.32594,0.16726,0.37162,-0.36556,0.55959,0.46185,-0.56183,-0.18231,-0.28107,0.18523,-0.12292,-0.11576,-0.0092686,0.38936,-0.12364,-0.21673,0.069197,-0.19782,0.32787,0.12358,-0.088264,0.086976,0.18412,-0.31172,0.082266,0.019802,0.053383,-0.19916,-0.10473,-0.8658,-0.30994,0.20129,0.32295,-0.38903,-0.16062,0.96312,-0.1298,0.26828,0.43827,-0.13176,-0.17575,-0.055037,0.077098,-0.11408,0.11235,0.17935,-0.058665,0.30377,-0.19538,-0.093494,0.2903,0.31262,0.023364,0.1657,0.31784,0.061797,0.1479,-0.495,0.017861,-0.33691,-0.30597,-0.24599,-0.38304,0.07229,0.15564,0.17532,-0.078866,0.18986,0.24676,-0.13462,-0.20496,0.1114,0.55857,0.087013,0.38839,-0.14419,-0.020728,-0.4856,-0.6079,0.063718,-0.13159,-0.1967,-0.67444,0.25863,0.81059,0.10643,-0.10932,-0.020716,-0.30581,-0.38056,-0.4304,0.19134,-0.015978,0.02485,0.028656,0.037637,-0.010341,0.25507,0.16078,-0.2011,0.036576,0.088181,0.13026,-0.048291,-0.094239,0.32473,-0.24779,0.2914,-0.38303,0.24373,0.16463,-0.77502,0.032716,0.0099029,0.18823,-0.21872,0.0072587,-0.27837,0.34519,-0.16768,-0.14603,0.3928,-0.17632,-0.36127,0.27917,-0.10656,-0.76214,0.28901,-0.40696,0.25409,0.096873,0.4765,-0.25287,-0.028587,-0.24752,-0.083859,-0.084914,0.32042,-0.049683,0.47516,0.017098,0.10639,0.23611,0.27297,0.27212,0.61299,-0.035165,-0.24789,0.39032,0.33682,-0.0011124,-0.084148,0.33250999999999997,0.31333,0.22254,0.24309,-0.28853,-0.20148,0.060331,0.17182,0.18516,-0.27908,0.35005,0.24427,0.27869,0.024116
художественный,ru,artistic,N,w1,t1,0.16228,0.029423,0.051755,0.057035,0.0023561,-0.035872,0.15979,-0.13251,0.023073,6.3182e-4,-0.52981,0.10081,0.16148,0.74585,-0.49817,-0.079209,-0.21413,0.4697,0.53253,0.61092,-0.14005,-0.15272,0.080057,0.38886,-0.22178,0.049154,0.18424,0.032574,-0.31078,0.42396,-0.017252,0.10153,-1.0208e-4,-0.38176,0.55228,0.10024,-0.29269,-0.60121,0.16863,-0.22001,-0.021438,0.43862,0.22733,0.097404,0.081699,-0.23955,0.035077,0.17365,-0.18405,-0.21819,-0.13216,-0.31685,-0.3585,0.56631,0.013666,-0.43622,0.25075,-0.11107,0.18352,-0.077032,0.46353,0.21942,0.070108,0.35174,0.36093,0.16221,-0.31666,-0.16953,0.52988,-0.47259,0.26213,0.31109,0.12645,-0.29753,-0.10525,-0.29764,0.027549,0.14683,-0.19581,0.41893,-0.10063,-0.018949,0.22084,0.017557,0.40922,0.037133,0.22249,0.25493,0.31333,-0.29922,0.082721,0.355,-0.0052966,0.36872,-0.087864,-0.11872,-0.019793,-0.053639,-0.18262,-0.56051,0.16601,0.17857,0.10719,-0.029357,0.11508,0.11991,-0.26682,-0.15184,0.1207,0.29079,0.21797,0.11686,-0.099889,-0.16461,-0.45127,0.51473,0.18313,0.22336,-0.39545,-0.17084,0.46596,0.12492,-0.1565,0.15839,0.17531,-0.25982,-0.13704,0.34598,-0.18735,0.18135,0.44919,0.27338,0.064344,0.14549,0.67958,0.33617,0.16764,-0.46832,0.56444,0.14365,-0.23899,-0.29863,-0.38135,0.40878,-0.31484,-0.25361,0.19502,0.26924,-0.18023,0.15838,0.038172,-0.24853,0.27028,-0.17323,-0.12174,0.20955,0.5411,-0.050168,-0.0013906,0.13403,0.08694,-0.023248,-0.15077,-0.51235,-0.71929,-0.11076,-0.055032,-0.39068,-0.27031,0.43594,0.35582,0.22449,0.082214,0.0096437,-0.088957,0.24163,0.23092,-0.01462,-0.060573,0.10146,-0.095452,0.22545,-0.29824,-0.08115,0.25116,0.3167,0.25882,0.71841,0.089203,-0.26428,0.28566,-0.86097,-0.28919,-0.23086,0.039277,-0.59729,-0.21419,0.47328,0.26511,-0.13997,0.35208,0.035129,0.52551,0.1588,0.03462,0.0078198,0.078977,-0.026118,0.56514,-0.19397,0.015151,-0.51433,-0.26083,0.39772,-0.25975,-0.24441,-0.63486,0.16237,0.29873,-0.51599,-0.28449,-0.051166,-0.10011,-0.24224,-0.20868,0.49621,0.05202,-0.39653,-0.23251,0.17464,0.17527,0.14003,0.0024091,0.053178,-0.029459,0.25097,0.39814,0.37484,0.089039,0.49285,-0.3968,0.25658,-0.56548,0.30816,0.3608,-0.17208,0.34984,0.036157,0.066117,-0.3147,0.010528,-0.5659,0.046628,-0.20255,0.35008,0.17114,-0.37627,-0.19815,0.0018182,0.40752,-0.42673,0.01033,-0.39583,0.36535,-0.15807,0.20656,-0.10568,-0.17728,-0.22879,-0.15791,-0.29224,0.23151,-0.24327,0.15315,-0.30266,-0.067005,0.30361,0.075965,-0.015837,0.48845,0.11665,-0.52007,0.29903,0.15448,-0.26338,0.31249,0.18995,-0.051775,-0.10686,0.21362,-0.19864,-0.19992,-0.0020847,-0.05652,0.087909,-0.18601,0.10148,-0.59924,-0.42816,-0.31167
